10000 3.1196 3.1404 0.0165726 0.0032 3.14159 3.16928 0.0128346
20000 3.1504 3.1428 0.0115684 0.002 3.14159 3.15413 0.0183588
30000 3.14667 3.14147 0.00946072 0.000266667 3.14159 3.14625 0.0204699
40000 3.1377 3.1413 0.00822441 0.0009 3.14159 3.14606 0.0257108
50000 3.13832 3.14248 0.00735422 0.002 3.14159 3.13808 0.0271253
60000 3.13673 3.142 0.00671793 0.000933333 3.14159 3.12282 0.0333564
70000 3.13697 3.14137 0.00621898 0.000628571 3.14159 3.16069 0.0384575
80000 3.14945 3.14145 0.00578658 0.0001 3.14159 3.13664 0.0403489
90000 3.14293 3.14116 0.00547084 0.0004 3.14159 3.14608 0.0430074
100000 3.13884 3.14116 0.00519908 0.00016 3.14159 3.13814 0.043016
110000 3.14149 3.14127 0.00495158 3.63636e-05 3.14159 3.13644 0.0436467
120000 3.13517 3.14113 0.00475342 3.33333e-05 3.14159 3.14462 0.0482161
130000 3.14129 3.1412 0.00455518 0.000523077 3.14159 3.14449 0.0486057
140000 3.14243 3.14111 0.00438737 0.000228571 3.14159 3.1379 0.0517807
150000 3.14539 3.14123 0.00423327 5.33333e-05 3.14159 3.14 0.0539198
160000 3.14018 3.14128 0.00410792 5e-05 3.14159 3.14271 0.0555535
170000 3.13892 3.14125 0.00398738 0.000141176 3.14159 3.1458 0.0556368
180000 3.14893 3.14144 0.00385858 0.000311111 3.14159 3.13915 0.0557052
190000 3.14886 3.14122 0.00375578 0 3.14159 3.13301 0.0566608
200000 3.1454 3.14118 0.0036661 0 3.14159 3.14309 0.0574418
210000 3.13874 3.14145 0.00358785 0.000171429 3.14159 3.12933 0.0574913
220000 3.14129 3.14136 0.00350159 7.27273e-05 3.14159 3.14345 0.0575094
230000 3.14334 3.14151 0.00342165 8.69565e-05 3.14159 3.142 0.0583724
240000 3.14222 3.1416 0.00335121 0.00025 3.14159 3.14667 0.0588725
250000 3.14338 3.14165 0.00328188 0.00016 3.14159 3.14397 0.0604993
260000 3.13732 3.14142 0.00322639 3.07692e-05 3.14159 3.1499 0.060709
270000 3.13987 3.14159 0.00316269 0.000148148 3.14159 3.13471 0.0629274
280000 3.14264 3.14163 0.00310205 7.14286e-05 3.14159 3.14586 0.0632499
290000 3.14004 3.14154 0.00305146 0.000110345 3.14159 3.14782 0.0635128
300000 3.14144 3.14168 0.0029984 1.33333e-05 3.14159 3.14113 0.0651583
310000 3.14067 3.1415 0.0029506 0.000206452 3.14159 3.14709 0.0655887
320000 3.14787 3.14148 0.00289525 0.0001125 3.14159 3.14035 0.0657488
330000 3.14918 3.14142 0.00284945 0.000133333 3.14159 3.14634 0.0659958
340000 3.14556 3.14148 0.00281157 1.17647e-05 3.14159 3.13727 0.0665265
350000 3.13785 3.14151 0.00278018 9.14286e-05 3.14159 3.1421 0.0672188
360000 3.14078 3.14157 0.00273792 5.55556e-05 3.14159 3.13922 0.0672655
370000 3.14266 3.14157 0.00269851 0.000162162 3.14159 3.14294 0.0673996
380000 3.13998 3.14149 0.00266579 0.000115789 3.14159 3.14424 0.0678569
390000 3.13963 3.14155 0.00263178 0.000153846 3.14159 3.14111 0.0679282
400000 3.14325 3.1416 0.0025947 0.00022 3.14159 3.1447 0.0685823
410000 3.14444 3.1417 0.00256156 0.000214634 3.14159 3.14115 0.0686952
420000 3.13982 3.14173 0.00253584 0.000190476 3.14159 3.14205 0.068912
430000 3.14491 3.14168 0.00250078 0.000195349 3.14159 3.14372 0.069504
440000 3.13916 3.14159 0.00247823 1.81818e-05 3.14159 3.13941 0.0700899
450000 3.14639 3.14154 0.00244303 0 3.14159 3.13456 0.0703821
460000 3.14404 3.1416 0.00241875 4.34783e-05 3.14159 3.15014 0.0710715
470000 3.14495 3.14157 0.00239196 7.65957e-05 3.14159 3.13946 0.0712473
480000 3.14053 3.14162 0.00237136 0 3.14159 3.14243 0.0718241
490000 3.14407 3.1416 0.00234351 8.16327e-05 3.14159 3.14271 0.0719693
500000 3.14556 3.14159 0.00231849 8e-06 3.14159 3.14522 0.0721451
