101 -0.25 2 0.0158567
103 -0.3 2 0.0187319
105 -0.15 1.9 0.0224657
107 -1.71 1.9 0.0274368
109 0.81 1.9 0.0342583
111 0.65 1.9 0.0439747
113 -0.91 1.9 0.0584854
115 0.91 1.9 0.0815405
117 0.96 1.6 0.121403
119 -2.52 1.6 0.19929
121 -1.01 1.6 0.383699
123 2.01 1.6 0.997769
125 4.83 1.6 4.85722
127 4.58 1.6 4.60532
129 1.26 1.3 0.965233
131 1.01 1.3 0.375584
133 -1.26 1.3 0.196208
135 0.45 1.3 0.119928
137 0.15 1.3 0.0807251
139 -0.91 1.3 0.0579889
141 -0.81 1.1 0.0436504
143 -1.41 1.1 0.034035
145 1.36 1.1 0.0272767
147 0.5 1.1 0.022347
149 -0.45 1.1 0.0186415
151 1.61 1.1 0.0157862
153 -2.21 1.1 0.0135397
155 -1.86 0.9 0.0117406
157 1.76 0.9 0.0102775
159 -0.5 0.9 0.00907166
