0.046 -5.29688 
0.092 -2.07956 
0.138 -1.04579 
0.184 -0.716015 
0.23 -0.5 
0.276 -0.381165 
0.322 -0.282185 
0.368 -0.236341 
0.414 -0.189199 
0.46 -0.152892 
0.506 -0.12357 
0.552 -0.0994122 
0.598 -0.087121 
0.644 -0.0729255 
0.69 -0.0610182 
0.736 -0.0510639 
0.782 -0.0429511 
0.828 -0.03611 
0.874 -0.0303392 
0.92 -0.0253727 
0.966 -0.0214709 
1.012 -0.0180228 
1.058 -0.0150419 
1.104 -0.0126976 
1.15 -0.0106337 
1.196 -0.00885466 
1.242 -0.00745657 
1.288 -0.00623688 
1.334 -0.00519595 
1.38 -0.00437688 
1.426 -0.0036706 
1.472 -0.00307435 
1.518 -0.00260472 
1.564 -0.00220676 
1.61 -0.00187551 
1.656 -0.00156539 
1.702 -0.0013881 
1.748 -0.00120344 
1.794 -0.00103543 
1.84 -0.000936213 
1.886 -0.000836284 
1.932 -0.000749458 
1.978 -0.000689361 
2.024 -0.000638281 
2.07 -0.000586515 
2.116 0.00103907 
2.162 0.000596089 
2.208 0.000240052 
2.254 -4.22574e-05 
