0.16 177.448 
0.32 40.805 
0.48 16.653 
0.64 8.57415 
0.8 5.03968 
0.96 3.19009 
1.12 2.13033 
1.28 1.47785 
1.44 1.05383 
1.6 0.770798 
1.76 0.572094 
1.92 0.430106 
2.08 0.326228 
2.24 0.250743 
2.4 0.193433 
2.56 0.14984 
2.72 0.116878 
2.88 0.0913047 
3.04 0.0714368 
3.2 0.0557178 
3.36 0.044044 
3.52 0.0345685 
3.68 0.0270002 
3.84 0.0213429 
4 0.0167388 
4.16 0.0130499 
4.32 0.0102874 
4.48 0.00804337 
4.64 0.00625111 
4.8 0.00490525 
4.96 0.00381887 
5.12 0.00295632 
5.28 0.00230663 
5.44 0.00178744 
5.6 0.0013781 
5.76 0.00102914 
5.92 0.00082357 
6.08 0.000632352 
6.24 0.000471874 
6.4 0.000373374 
6.56 0.000285585 
6.72 0.000213046 
6.88 0.000166291 
7.04 0.000126241 
7.2 9.37323e-05 
7.36 6.11883e-05 
7.52 5.40401e-05 
7.68 3.97893e-05 
7.84 2.58999e-05 
