4.87758 -0.986378 0.16445 -0.986378 0.16445
3.70418 -0.53337 -0.845863 -0.53337 -0.845863
4.49876 -0.977264 -0.211993 -0.977264 -0.211993
4.89831 -0.98276 0.184855 -0.98276 0.184855
3.32106 -0.178509 -0.983922 -0.178509 -0.983922
2.47635 0.617245 -0.786751 0.617245 -0.786751
0.816561 0.728787 0.684734 0.728787 0.684734
4.13346 -0.837039 -0.547116 -0.837039 -0.547116
4.42696 -0.959532 -0.281554 -0.959532 -0.281554
0.383434 0.374103 0.927386 0.374103 0.927386
3.23554 -0.0938088 -0.995573 -0.0938088 -0.995573
1.23526 0.944222 0.329281 0.944222 0.329281
3.13481 0.0067836 -0.99996 0.0067836 -0.99996
1.1411 0.909089 0.416598 0.909089 0.416598
3.48909 -0.340542 -0.940213 -0.340542 -0.940213
1.578 0.999966 -0.00719355 0.999966 -0.00719355
1.63731 0.997779 -0.0664554 0.997779 -0.0664554
1.15251 0.913778 0.406199 0.913778 0.406199
0.369322 0.360982 0.932573 0.360982 0.932573
3.1527 -0.0111065 -0.999922 -0.0111065 -0.999922
1.11381 0.897375 0.441251 0.897375 0.441251
3.24264 -0.100872 -0.994883 -0.100872 -0.994883
2.54322 0.563296 -0.826236 0.563296 -0.826236
4.8379 -0.992126 0.125188 -0.992126 0.125188
1.39461 0.984507 0.175284 0.984507 0.175284
2.71961 0.409567 -0.912264 0.409567 -0.912264
3.58196 -0.426266 -0.90458 -0.426266 -0.90458
0.564137 0.53468 0.845052 0.53468 0.845052
2.34799 0.71288 -0.701266 0.71288 -0.701266
2.95085 0.189589 -0.981847 0.189589 -0.981847
4.7027 -0.999943 -0.00967629 -0.999943 -0.00967629
2.24557 0.780839 -0.624707 0.780839 -0.624707
1.67503 0.99456 -0.104034 0.99456 -0.104034
4.22147 -0.881894 -0.471426 -0.881894 -0.471426
2.16388 0.829213 -0.558905 0.829213 -0.558905
0.0160927 0.0160918 0.999871 0.0160918 0.999871
1.71782 0.989204 -0.146481 0.989204 -0.146481
2.98044 0.160459 -0.987026 0.160459 -0.987026
4.14955 -0.845743 -0.533575 -0.845743 -0.533575
1.16478 0.91869 0.394957 0.91869 0.394957
3.36387 -0.220449 -0.975381 -0.220449 -0.975381
2.40509 0.671691 -0.740809 0.671691 -0.740809
2.40004 0.675433 -0.737407 0.675433 -0.737407
1.51868 0.998636 0.0521013 0.998636 0.0521013
3.54619 -0.393648 -0.919243 -0.393648 -0.919243
0.909128 0.788965 0.614437 0.788965 0.614437
3.09668 0.0448994 -0.998975 0.0448994 -0.998975
0.203504 0.2021 0.979365 0.2021 0.979365
2.06164 0.88193 -0.471357 0.88193 -0.471357
3.466 -0.318743 -0.947824 -0.318743 -0.947824
3.3562 -0.212965 -0.977043 -0.212965 -0.977043
3.17545 -0.0338484 -0.99941 -0.0338484 -0.99941
1.72864 0.987563 -0.157176 0.987563 -0.157176
0.91942 0.795248 0.606285 0.795248 0.606285
3.03335 0.108033 -0.994131 0.108033 -0.994131
3.12325 0.0183452 -0.999815 0.0183452 -0.999815
3.63903 -0.477175 -0.878792 -0.477175 -0.878792
1.6353 0.997908 -0.0644548 0.997908 -0.0644548
3.68738 -0.519089 -0.854702 -0.519089 -0.854702
1.00702 0.845234 0.534386 0.845234 0.534386
4.58615 -0.992031 -0.125891 -0.992031 -0.125891
3.41009 -0.26528 -0.964155 -0.26528 -0.964155
3.25259 -0.110768 -0.99383 -0.110768 -0.99383
1.28118 0.958349 0.285588 0.958349 0.285588
2.65156 0.470655 -0.8823 0.470655 -0.8823
0.436465 0.422734 0.906252 0.422734 0.906252
1.29727 0.962816 0.27013 0.962816 0.27013
4.36937 -0.941741 -0.336319 -0.941741 -0.336319
3.4169 -0.271842 -0.962325 -0.271842 -0.962325
0.466826 0.45005 0.893002 0.45005 0.893002
0.554153 0.526217 0.850348 0.526217 0.850348
1.80077 0.973668 -0.227944 0.973668 -0.227944
2.87192 0.266415 -0.963841 0.266415 -0.963841
2.95419 0.186302 -0.982476 0.186302 -0.982476
3.31945 -0.176922 -0.984208 -0.176922 -0.984208
1.43811 0.991203 0.132301 0.991203 0.132301
3.86332 -0.660676 -0.75065 -0.660676 -0.75065
1.43613 0.990934 0.134267 0.990934 0.134267
1.64162 0.997486 -0.0707531 0.997486 -0.0707531
0.94496 0.810463 0.585779 0.810463 0.585779
4.90213 -0.982045 0.18861 -0.982045 0.18861
0.0178213 0.0178202 0.999841 0.0178202 0.999841
4.12041 -0.829835 -0.557993 -0.829835 -0.557993
1.65077 0.996801 -0.0798753 0.996801 -0.0798753
0.937241 0.80592 0.592017 0.80592 0.592017
2.17376 0.823652 -0.567069 0.823652 -0.567069
4.77401 -0.99809 0.0615919 -0.99809 0.0615919
4.57627 -0.990739 -0.135686 -0.990739 -0.135686
3.80906 -0.618996 -0.785377 -0.618996 -0.785377
3.4814 -0.333299 -0.942804 -0.333299 -0.942804
0.603293 0.567351 0.823473 0.567351 0.823473
3.41521 -0.270216 -0.962783 -0.270216 -0.962783
1.91148 0.942519 -0.334123 0.942519 -0.334123
3.85588 -0.655073 -0.755544 -0.655073 -0.755544
4.6964 -0.999861 -0.0159845 -0.999861 -0.0159845
4.56304 -0.988858 -0.148786 -0.988858 -0.148786
4.29235 -0.913064 -0.407787 -0.913064 -0.407787
1.01367 0.848768 0.528753 0.848768 0.528753
3.95241 -0.724845 -0.688891 -0.724845 -0.688891
2.72925 0.400756 -0.916168 0.400756 -0.916168
