5.17347 -0.895556 0.44492 0.445186
2.42842 0.654251 -0.756292 -0.756496
4.82195 -0.993993 0.109342 0.108861
4.91641 -0.979248 0.20261 0.203097
5.61349 -0.620761 0.784009 0.783606
1.21643 0.937852 0.346999 0.346682
2.06414 0.880762 -0.473575 -0.474309
4.73039 -0.999851 0.0179998 0.0175748
1.7104 0.99026 -0.139155 -0.139697
3.41108 -0.266228 -0.963907 -0.963419
2.93958 0.200651 -0.979666 -0.980223
3.87229 -0.6674 -0.744712 -0.744357
2.24617 0.780464 -0.625188 -0.624674
3.16128 -0.0196716 -0.999807 -0.999343
5.86338 -0.407599 0.913166 0.912717
5.64149 -0.598566 0.801083 0.801649
3.91441 -0.698142 -0.715948 -0.715494
4.41677 -0.95661 -0.291331 -0.290907
0.871921 0.765558 0.643357 0.644172
3.73742 -0.561213 -0.827683 -0.82758
0.100371 0.100187 0.994967 0.995014
1.49558 0.997163 0.0751447 0.0757389
0.845006 0.74796 0.663726 0.66352
4.95174 -0.971484 0.237067 0.236468
0.964755 0.821896 0.569618 0.569264
2.46882 0.62314 -0.7821 -0.782444
0.799187 0.716801 0.697289 0.696806
0.669993 0.620993 0.783826 0.783415
6.1509 -0.131908 0.991263 0.992182
1.34392 0.97436 0.224933 0.224686
3.15839 -0.0167886 -0.999859 -0.999343
5.16685 -0.898485 0.438979 0.439492
3.77234 -0.589749 -0.807585 -0.806884
1.82282 0.968409 -0.249366 -0.250405
3.92574 -0.706208 -0.70799 -0.707835
3.22831 -0.0866242 -0.996243 -0.996343
3.03925 0.102179 -0.994768 -0.994382
5.98988 -0.289127 0.957294 0.956858
1.80118 0.973593 -0.22835 -0.228656
4.74965 -0.999321 0.0372538 0.0374338
3.24344 -0.101688 -0.994818 -0.994444
4.74076 -0.999613 0.0283678 0.0282673
2.46442 0.626583 -0.779346 -0.77988
5.48961 -0.712878 0.701302 0.700952
1.74452 0.984938 -0.172848 -0.172326
2.17027 0.825648 -0.564208 -0.564198
4.97358 -0.966091 0.258232 0.257571
5.65893 -0.584492 0.811396 0.812423
0.42952 0.416441 0.909165 0.908556
5.8455 -0.423844 0.905735 0.905057
3.23883 -0.0970968 -0.995277 -0.995023
0.529891 0.505455 0.862862 0.86286
1.18356 0.925964 0.377629 0.376985
4.08383 -0.808878 -0.587977 -0.589143
5.48163 -0.718451 0.695587 0.695055
2.14832 0.837828 -0.545948 -0.545349
0.395136 0.384948 0.922944 0.923291
0.123292 0.122977 0.992409 0.993575
2.81831 0.317692 -0.948198 -0.948977
0.388514 0.378825 0.925473 0.926129
1.46721 0.994626 0.103397 0.103095
5.9767 -0.301714 0.953399 0.952767
5.55537 -0.665228 0.746626 0.746678
5.23956 -0.86425 0.503087 0.502799
1.642 0.997473 -0.0711438 -0.0704248
3.32359 -0.180983 -0.983486 -0.984409
2.31035 0.738785 -0.673955 -0.674476
4.68125 -0.9995 -0.0311363 -0.0311393
3.15595 -0.0143455 -0.999897 -0.999343
4.11152 -0.824862 -0.565357 -0.565393
3.27338 -0.1314 -0.991329 -0.99069
0.24187 0.239508 0.970892 0.971654
2.69476 0.432116 -0.901822 -0.902709
5.73779 -0.518764 0.854924 0.854482
5.73148 -0.524148 0.851632 0.85107
4.43928 -0.962923 -0.269727 -0.269994
1.75054 0.983882 -0.17878 -0.178089
4.54754 -0.986429 -0.164103 -0.163839
3.94068 -0.716709 -0.697359 -0.697736
2.18006 0.820082 -0.572266 -0.572606
4.23552 -0.888453 -0.458999 -0.459108
1.02199 0.853161 0.521669 0.522106
2.70995 0.418352 -0.908282 -0.909104
5.41908 -0.7605 0.649322 0.649792
5.10582 -0.923609 0.383362 0.38287
2.03406 0.894614 -0.446869 -0.446557
1.40988 0.987096 0.160226 0.160323
5.50096 -0.704875 0.709346 0.709334
2.15735 0.832866 -0.553495 -0.553106
4.22818 -0.885059 -0.465505 -0.465876
5.88947 -0.383632 0.923492 0.923902
3.62456 -0.464425 -0.885619 -0.885165
4.04736 -0.786887 -0.617079 -0.616822
5.28732 -0.839222 0.543775 0.544503
2.7066 0.421398 -0.906874 -0.907877
5.68936 -0.559517 0.828808 0.82858
2.45338 0.635152 -0.772385 -0.773462
5.01694 -0.953989 0.299869 0.300579
4.21309 -0.877922 -0.478811 -0.479801
5.60933 -0.624014 0.781421 0.780926
