5.17347 -0.89557 0.44492 0.444921 -0.89557 0.44492 0.444921
2.42842 0.654235 -0.756291 -0.75629 0.654235 -0.756291 -0.75629
4.82195 -0.994004 0.109342 0.10934 -0.994004 0.109342 0.10934
4.91641 -0.979259 0.20261 0.202612 -0.979259 0.20261 0.202612
5.61349 -0.620748 0.78401 0.784011 -0.620748 0.78401 0.784011
1.21643 0.937865 0.346999 0.346998 0.937865 0.346999 0.346998
2.06414 0.880754 -0.473575 -0.473573 0.880754 -0.473575 -0.473573
4.73039 -0.999838 0.0180004 0.0180022 -0.999838 0.0180004 0.0180022
1.7104 0.990271 -0.139154 -0.139156 0.990271 -0.139154 -0.139156
3.41108 -0.266239 -0.963907 -0.963907 -0.266239 -0.963907 -0.963907
2.93958 0.200639 -0.979665 -0.979665 0.200639 -0.979665 -0.979665
3.87229 -0.667386 -0.744712 -0.744712 -0.667386 -0.744712 -0.744712
2.24617 0.780474 -0.625188 -0.625186 0.780474 -0.625188 -0.625186
3.16128 -0.0196833 -0.999806 -0.999806 -0.0196833 -0.999806 -0.999806
5.86338 -0.407587 0.913166 0.913166 -0.407587 0.913166 0.913166
5.64149 -0.598554 0.801083 0.801082 -0.598554 0.801083 0.801082
3.91441 -0.698154 -0.715947 -0.715946 -0.698154 -0.715947 -0.715946
4.41677 -0.956622 -0.291331 -0.291329 -0.956622 -0.291331 -0.291329
0.871921 0.765566 0.643357 0.643358 0.765566 0.643357 0.643358
3.73742 -0.561197 -0.827682 -0.827682 -0.561197 -0.827682 -0.827682
0.100371 0.100203 0.994967 0.994967 0.100203 0.994967 0.994967
1.49558 0.997173 0.0751449 0.0751469 0.997173 0.0751449 0.0751469
0.845006 0.747975 0.663727 0.663726 0.747975 0.663727 0.663726
4.95174 -0.971493 0.237068 0.237066 -0.971493 0.237068 0.237066
0.964755 0.821909 0.569618 0.569617 0.821909 0.569618 0.569617
2.46882 0.623154 -0.782099 -0.7821 0.623154 -0.782099 -0.7821
0.799187 0.71679 0.697289 0.697291 0.71679 0.697289 0.697291
0.669993 0.62098 0.783826 0.783827 0.62098 0.783826 0.783827
6.1509 -0.131902 0.991263 0.991464 -0.131902 0.991263 0.991464
1.34392 0.974374 0.224933 0.224932 0.974374 0.224933 0.224932
3.15839 -0.0167989 -0.999859 -0.999859 -0.0167989 -0.999859 -0.999859
5.16685 -0.898497 0.43898 0.438981 -0.898497 0.43898 0.438981
3.77234 -0.589751 -0.807585 -0.807585 -0.589751 -0.807585 -0.807585
1.82282 0.96841 -0.249365 -0.249365 0.96841 -0.249365 -0.249365
3.92574 -0.706223 -0.707989 -0.707989 -0.706223 -0.707989 -0.707989
3.22831 -0.0866084 -0.996242 -0.996242 -0.0866084 -0.996242 -0.996242
3.03925 0.102166 -0.994767 -0.994767 0.102166 -0.994767 -0.994767
5.98988 -0.289115 0.957294 0.957288 -0.289115 0.957294 0.957288
1.80118 0.973579 -0.22835 -0.228348 0.973579 -0.22835 -0.228348
4.74965 -0.999306 0.0372541 0.0372532 -0.999306 0.0372541 0.0372532
3.24344 -0.101675 -0.994818 -0.994818 -0.101675 -0.994818 -0.994818
4.74076 -0.999597 0.0283683 0.0283688 -0.999597 0.0283683 0.0283688
2.46442 0.626595 -0.779345 -0.779346 0.626595 -0.779345 -0.779346
5.48961 -0.712864 0.701302 0.701303 -0.712864 0.701302 0.701303
1.74452 0.984949 -0.172848 -0.172846 0.984949 -0.172848 -0.172846
2.17027 0.825633 -0.564208 -0.564208 0.825633 -0.564208 -0.564208
4.97358 -0.966083 0.258233 0.258234 -0.966083 0.258233 0.258234
5.65893 -0.584497 0.811396 0.811396 -0.584497 0.811396 0.811396
0.42952 0.416434 0.909166 0.909167 0.416434 0.909166 0.909167
5.8455 -0.423842 0.905736 0.905736 -0.423842 0.905736 0.905736
3.23883 -0.0970819 -0.995276 -0.995276 -0.0970819 -0.995276 -0.995276
0.529891 0.505439 0.862862 0.862862 0.505439 0.862862 0.862862
1.18356 0.925957 0.37763 0.377632 0.925957 0.37763 0.377632
4.08383 -0.808878 -0.587976 -0.587976 -0.808878 -0.587976 -0.587976
5.48163 -0.718441 0.695588 0.695589 -0.718441 0.695588 0.695589
2.14832 0.837819 -0.545947 -0.545949 0.837819 -0.545947 -0.545949
0.395136 0.384934 0.922944 0.922943 0.384934 0.922944 0.922943
0.123292 0.12298 0.992409 0.992409 0.12298 0.992409 0.992409
2.81831 0.317682 -0.948197 -0.948197 0.317682 -0.948197 -0.948197
0.388514 0.378814 0.925473 0.925472 0.378814 0.925473 0.925472
1.46721 0.99464 0.103397 0.103396 0.99464 0.103397 0.103396
5.9767 -0.301709 0.9534 0.953393 -0.301709 0.9534 0.953393
5.55537 -0.665243 0.746627 0.746627 -0.665243 0.746627 0.746627
5.23956 -0.864235 0.503088 0.503089 -0.864235 0.503088 0.503089
1.642 0.997466 -0.0711436 -0.0711454 0.997466 -0.0711436 -0.0711454
3.32359 -0.18099 -0.983485 -0.983485 -0.18099 -0.983485 -0.983485
2.31035 0.738773 -0.673955 -0.673953 0.738773 -0.673955 -0.673953
4.68125 -0.999515 -0.0311359 -0.031136 -0.999515 -0.0311359 -0.031136
3.15595 -0.0143544 -0.999897 -0.999897 -0.0143544 -0.999897 -0.999897
4.11152 -0.824847 -0.565357 -0.565356 -0.824847 -0.565357 -0.565356
3.27338 -0.131404 -0.991329 -0.991329 -0.131404 -0.991329 -0.991329
0.24187 0.239518 0.970892 0.970892 0.239518 0.970892 0.970892
2.69476 0.432109 -0.901822 -0.901821 0.432109 -0.901822 -0.901821
5.73779 -0.518752 0.854925 0.854925 -0.518752 0.854925 0.854925
5.73148 -0.524139 0.851633 0.851634 -0.524139 0.851633 0.851634
4.43928 -0.962937 -0.269727 -0.269728 -0.962937 -0.269727 -0.269728
1.75054 0.983889 -0.17878 -0.178778 0.983889 -0.17878 -0.178778
4.54754 -0.986443 -0.164102 -0.164101 -0.986443 -0.164102 -0.164101
3.94068 -0.716722 -0.697359 -0.69736 -0.716722 -0.697359 -0.69736
2.18006 0.820068 -0.572266 -0.572264 0.820068 -0.572266 -0.572264
4.23552 -0.888437 -0.458998 -0.458998 -0.888437 -0.458998 -0.458998
1.02199 0.853148 0.52167 0.521668 0.853148 0.52167 0.521668
2.70995 0.418361 -0.908281 -0.908282 0.418361 -0.908281 -0.908282
5.41908 -0.760513 0.649323 0.649324 -0.760513 0.649323 0.649324
5.10582 -0.923598 0.383363 0.383365 -0.923598 0.383363 0.383365
2.03406 0.8946 -0.446868 -0.446869 0.8946 -0.446868 -0.446869
1.40988 0.98708 0.160226 0.160226 0.98708 0.160226 0.160226
5.50096 -0.70486 0.709347 0.709346 -0.70486 0.709347 0.709346
2.15735 0.832853 -0.553494 -0.553496 0.832853 -0.553494 -0.553496
4.22818 -0.885046 -0.465504 -0.465503 -0.885046 -0.465504 -0.465503
5.88947 -0.383618 0.923492 0.923491 -0.383618 0.923492 0.923491
3.62456 -0.464413 -0.885619 -0.88562 -0.464413 -0.885619 -0.88562
4.04736 -0.786901 -0.617079 -0.617078 -0.786901 -0.617079 -0.617078
5.28732 -0.839231 0.543775 0.543777 -0.839231 0.543775 0.543777
2.7066 0.421404 -0.906873 -0.906873 0.421404 -0.906873 -0.906873
5.68936 -0.559532 0.828809 0.828808 -0.559532 0.828809 0.828808
2.45338 0.635156 -0.772384 -0.772384 0.635156 -0.772384 -0.772384
5.01694 -0.95398 0.299869 0.299868 -0.95398 0.299869 0.299868
4.21309 -0.877919 -0.47881 -0.478809 -0.877919 -0.47881 -0.478809
5.60933 -0.624003 0.781422 0.781423 -0.624003 0.781422 0.781423
