2.3642 0.701243 -0.712392 0.701243 -0.712392
1.05754 0.871011 0.49112 0.871011 0.49112
4.65624 -0.998288 -0.055902 -0.998288 -0.055902
4.50863 -0.979137 -0.202102 -0.979137 -0.202102
0.723534 0.661831 0.749523 0.661831 0.749523
4.3172 -0.922665 -0.384689 -0.922665 -0.384689
3.14129 0.000295726 -0.999583 0.000295726 -0.999583
2.11657 0.854489 -0.518765 0.854489 -0.518765
3.03602 0.105346 -0.994017 0.105346 -0.994017
1.37719 0.981013 0.192566 0.981013 0.192566
3.85141 -0.651673 -0.758114 -0.651673 -0.758114
1.50654 0.997795 0.0644026 0.997795 0.0644026
2.19046 0.813913 -0.580435 0.813913 -0.580435
1.10792 0.894623 0.446636 0.894623 0.446636
0.918912 0.794708 0.606767 0.794708 0.606767
1.35355 0.976414 0.215704 0.976414 0.215704
2.72657 0.403081 -0.91471 0.403081 -0.91471
2.04086 0.891374 -0.452636 0.891374 -0.452636
0.831075 0.73844 0.674151 0.73844 0.674151
4.44334 -0.963885 -0.265553 -0.963885 -0.265553
0.505539 0.484218 0.874939 0.484218 0.874939
0.617769 0.579051 0.815211 0.579051 0.815211
2.42768 0.654596 -0.755437 0.654596 -0.755437
3.72633 -0.551807 -0.833476 -0.551807 -0.833476
4.82528 -0.993324 0.112839 -0.993324 0.112839
4.58152 -0.99116 -0.130261 -0.99116 -0.130261
3.35378 -0.21058 -0.97716 -0.21058 -0.97716
1.87762 0.953002 -0.301763 0.953002 -0.301763
3.67388 -0.507345 -0.861262 -0.507345 -0.861262
1.80645 0.972225 -0.233224 0.972225 -0.233224
1.44139 0.991462 0.129232 0.991462 0.129232
1.13808 0.907626 0.419459 0.907626 0.419459
2.86399 0.27398 -0.961308 0.27398 -0.961308
1.19762 0.931123 0.364706 0.931123 0.364706
0.74671 0.679176 0.733983 0.679176 0.733983
3.58753 -0.431203 -0.901812 -0.431203 -0.901812
0.614827 0.576665 0.816911 0.576665 0.816911
3.888 -0.678856 -0.733769 -0.678856 -0.733769
0.804099 0.720138 0.693823 0.720138 0.693823
3.65085 -0.487518 -0.872717 -0.487518 -0.872717
0.365196 0.357036 0.934067 0.357036 0.934067
4.65551 -0.99826 -0.0566276 -0.99826 -0.0566276
0.257393 0.254519 0.967063 0.254519 0.967063
2.55566 0.552908 -0.832816 0.552908 -0.832816
0.863432 0.75989 0.649905 0.75989 0.649905
1.17631 0.922905 0.384466 0.922905 0.384466
3.90921 -0.694291 -0.719208 -0.694291 -0.719208
3.59001 -0.433452 -0.90074 -0.433452 -0.90074
3.21716 -0.0754746 -0.99673 -0.0754746 -0.99673
4.74029 -0.999415 0.0280941 -0.999415 0.0280941
3.13335 0.00824283 -0.999549 0.00824283 -0.999549
3.7227 -0.54878 -0.835472 -0.54878 -0.835472
0.458054 0.442127 0.896936 0.442127 0.896936
0.661022 0.61379 0.789409 0.61379 0.789409
2.54903 0.558476 -0.829131 0.558476 -0.829131
0.383337 0.373915 0.927437 0.373915 0.927437
0.342541 0.33583 0.941917 0.33583 0.941917
1.00281 0.842929 0.538032 0.842929 0.538032
2.26096 0.770978 -0.636323 0.770978 -0.636323
4.01642 -0.767219 -0.640788 -0.767219 -0.640788
2.80926 0.326188 -0.944879 0.326188 -0.944879
3.70235 -0.531794 -0.84647 -0.531794 -0.84647
0.2545 0.251735 0.967796 0.251735 0.967796
0.773255 0.698251 0.7157 0.698251 0.7157
4.89997 -0.982458 0.186651 -0.982458 0.186651
1.00121 0.842099 0.539379 0.842099 0.539379
4.36078 -0.938622 -0.344125 -0.938622 -0.344125
0.614796 0.57664 0.816929 0.57664 0.816929
4.88922 -0.984198 0.176077 -0.984198 0.176077
0.264882 0.261725 0.96513 0.261725 0.96513
4.26565 -0.901616 -0.431732 -0.901616 -0.431732
0.354411 0.347002 0.937864 0.347002 0.937864
0.0203919 0.0203834 0.999792 0.0203834 0.999792
4.52304 -0.981822 -0.187973 -0.981822 -0.187973
2.91007 0.229414 -0.972908 0.229414 -0.972908
0.883824 0.772959 0.634276 0.772959 0.634276
0.799344 0.716888 0.69724 0.716888 0.69724
1.91928 0.939613 -0.341196 0.939613 -0.341196
4.47383 -0.971377 -0.236044 -0.971377 -0.236044
4.01651 -0.767275 -0.640721 -0.767275 -0.640721
1.75957 0.982046 -0.187405 0.982046 -0.187405
2.70718 0.420818 -0.906719 0.420818 -0.906719
2.83921 0.297734 -0.954221 0.297734 -0.954221
2.21762 0.797774 -0.602323 0.797774 -0.602323
3.3682 -0.224605 -0.974023 -0.224605 -0.974023
0.488236 0.468965 0.883186 0.468965 0.883186
2.60096 0.514667 -0.856996 0.514667 -0.856996
3.71074 -0.538799 -0.841977 -0.538799 -0.841977
1.49105 0.996639 0.0798583 0.996639 0.0798583
4.86192 -0.988617 0.149152 -0.988617 0.149152
2.82716 0.309182 -0.950565 0.309182 -0.950565
4.30031 -0.916282 -0.400226 -0.916282 -0.400226
3.66427 -0.499069 -0.866099 -0.499069 -0.866099
3.08166 0.0598794 -0.997788 0.0598794 -0.997788
0.173562 0.172638 0.984979 0.172638 0.984979
3.66423 -0.499042 -0.866114 -0.499042 -0.866114
4.08287 -0.808083 -0.588427 -0.808083 -0.588427
4.53435 -0.983928 -0.17686 -0.983928 -0.17686
4.27903 -0.907284 -0.419627 -0.907284 -0.419627
4.07208 -0.801666 -0.597107 -0.801666 -0.597107
