3.36075 -0.213789 -0.935253 -0.213789 -0.935253
1.57753 0.983819 0.0133707 0.983819 0.0133707
3.1324 0.0108671 -0.958422 0.0108671 -0.958422
3.19376 -0.0495025 -0.957236 -0.0495025 -0.957236
3.64659 -0.469819 -0.835799 -0.469819 -0.835799
0.790205 0.689561 0.710521 0.689561 0.710521
1.34089 0.947845 0.244939 0.947845 0.244939
3.07292 0.0693824 -0.956035 0.0693824 -0.956035
1.1111 0.876139 0.454507 0.876139 0.454507
2.21588 0.775096 -0.568333 0.775096 -0.568333
1.90959 0.925246 -0.303588 0.925246 -0.303588
2.51548 0.584309 -0.772619 0.584309 -0.772619
1.45914 0.984744 0.130677 0.984744 0.130677
2.0536 0.875975 -0.434369 0.875975 -0.434369
3.80892 -0.601637 -0.748834 -0.601637 -0.748834
3.66478 -0.484591 -0.827118 -0.484591 -0.827118
2.54285 0.55928 -0.788266 0.55928 -0.788266
2.86919 0.260775 -0.922074 0.260775 -0.922074
0.56641 0.527513 0.846708 0.527513 0.846708
2.42788 0.643308 -0.718681 0.643308 -0.718681
0.0652023 0.0625193 0.997962 0.0625193 0.997962
0.971547 0.820868 0.573569 0.820868 0.573569
0.548926 0.514853 0.85582 0.514853 0.85582
3.21671 -0.0720778 -0.955842 -0.0720778 -0.955842
0.626716 0.57118 0.813579 0.57118 0.813579
1.60378 0.979189 -0.0123898 0.979189 -0.0123898
0.519162 0.4933 0.870824 0.4933 0.870824
0.435235 0.417326 0.909183 0.417326 0.909183
3.9957 -0.753309 -0.622297 -0.753309 -0.622297
0.873028 0.749531 0.650926 0.749531 0.650926
2.05173 0.87714 -0.432726 0.87714 -0.432726
3.35645 -0.209557 -0.936163 -0.209557 -0.936163
2.45056 0.629207 -0.733114 0.629207 -0.733114
1.18413 0.898927 0.389693 0.898927 0.389693
2.55021 0.552546 -0.792358 0.552546 -0.792358
2.09715 0.848905 -0.471924 0.848905 -0.471924
1.97433 0.913825 -0.363122 0.913825 -0.363122
3.8911 -0.668372 -0.696649 -0.668372 -0.696649
1.17007 0.89454 0.4023 0.89454 0.4023
3.08543 0.0570726 -0.956826 0.0570726 -0.956826
2.10698 0.842793 -0.480239 0.842793 -0.480239
3.07966 0.0627546 -0.95648 0.0627546 -0.95648
1.60091 0.979694 -0.00958552 0.979694 -0.00958552
3.56612 -0.404473 -0.870977 -0.404473 -0.870977
1.13326 0.883054 0.435015 0.883054 0.435015
1.40983 0.969359 0.17885 0.969359 0.17885
3.2309 -0.086039 -0.95472 -0.086039 -0.95472
3.67611 -0.493788 -0.821578 -0.493788 -0.821578
0.279021 0.26754 0.962675 0.26754 0.962675
3.79731 -0.592209 -0.755765 -0.592209 -0.755765
2.10398 0.844657 -0.477709 0.844657 -0.477709
0.344223 0.330059 0.943193 0.330059 0.943193
0.768855 0.674101 0.725078 0.674101 0.725078
2.65291 0.458607 -0.84428 0.458607 -0.84428
3.56093 -0.400261 -0.873064 -0.400261 -0.873064
1.39557 0.964908 0.192643 0.964908 0.192643
0.256685 0.246123 0.968412 0.246123 0.968412
0.0800922 0.0767965 0.996925 0.0767965 0.996925
1.83081 0.939142 -0.230149 0.939142 -0.230149
0.252383 0.241998 0.969462 0.241998 0.969462
0.95312 0.807525 0.588572 0.807525 0.588572
3.88254 -0.661418 -0.702343 -0.661418 -0.702343
3.60883 -0.439159 -0.852959 -0.439159 -0.852959
3.40368 -0.256022 -0.925169 -0.256022 -0.925169
1.06666 0.862273 0.493131 0.862273 0.493131
2.15904 0.810429 -0.523274 0.810429 -0.523274
1.50083 0.997349 0.0893522 0.997349 0.0893522
3.04099 0.100789 -0.953319 0.100789 -0.953319
2.05014 0.878127 -0.431332 0.878127 -0.431332
2.6709 0.442154 -0.852381 0.442154 -0.852381
2.12643 0.830705 -0.496511 0.830705 -0.496511
0.157121 0.150656 0.988164 0.150656 0.988164
1.75055 0.953299 -0.154208 0.953299 -0.154208
3.72734 -0.535392 -0.795213 -0.535392 -0.795213
3.72324 -0.532062 -0.797402 -0.532062 -0.797402
2.88381 0.2474 -0.925789 0.2474 -0.925789
1.13717 0.884276 0.431556 0.884276 0.431556
2.95414 0.183071 -0.940926 0.183071 -0.940926
2.55992 0.543667 -0.797678 0.543667 -0.797678
1.41619 0.971344 0.172678 0.971344 0.172678
2.75145 0.368474 -0.88503 0.368474 -0.88503
0.663897 0.598102 0.791842 0.598102 0.791842
1.76042 0.951559 -0.163606 0.951559 -0.163606
3.5203 -0.367268 -0.888656 -0.367268 -0.888656
3.3168 -0.170554 -0.943698 -0.170554 -0.943698
1.32135 0.941747 0.263402 0.941747 0.263402
0.915873 0.780555 0.618148 0.780555 0.618148
3.57349 -0.41046 -0.867973 -0.41046 -0.867973
1.40144 0.96674 0.186975 0.96674 0.186975
2.74668 0.372833 -0.883263 0.372833 -0.883263
3.82587 -0.615405 -0.738517 -0.615405 -0.738517
2.35456 0.688885 -0.669846 0.688885 -0.669846
2.62922 0.480278 -0.833158 0.480278 -0.833158
3.43471 -0.286546 -0.916752 -0.286546 -0.916752
1.75824 0.951943 -0.161533 0.951943 -0.161533
3.69588 -0.509845 -0.811655 -0.509845 -0.811655
1.59375 0.980959 -0.00255872 0.980959 -0.00255872
3.25907 -0.113752 -0.951906 -0.113752 -0.951906
2.73687 0.381802 -0.879563 0.381802 -0.879563
3.64389 -0.467626 -0.837065 -0.467626 -0.837065
