0 0 1
0.025 0.0249974 0.999688
0.05 0.0499792 0.99875
0.075 0.0749297 0.997189
0.1 0.0998334 0.995004
0.125 0.124675 0.992198
0.15 0.149438 0.988771
0.175 0.174108 0.984727
0.2 0.198669 0.980067
0.225 0.223106 0.974794
0.25 0.247404 0.968912
0.275 0.271547 0.962425
0.3 0.29552 0.955336
0.325 0.319309 0.947651
0.35 0.342898 0.939373
0.375 0.366273 0.930508
0.4 0.389418 0.921061
0.425 0.412321 0.911039
0.45 0.434966 0.900447
0.475 0.457338 0.889293
0.5 0.479426 0.877583
0.525 0.501213 0.865324
0.55 0.522687 0.852525
0.575 0.543835 0.839192
0.6 0.564642 0.825336
0.625 0.585097 0.810963
0.65 0.605186 0.796084
0.675 0.624897 0.780707
0.7 0.644218 0.764842
0.725 0.663135 0.748499
0.75 0.681639 0.731689
0.775 0.699716 0.714421
0.8 0.717356 0.696707
0.825 0.734548 0.678557
0.85 0.75128 0.659983
0.875 0.767544 0.640997
0.9 0.783327 0.62161
0.925 0.798621 0.601835
0.95 0.813416 0.581683
0.975 0.827702 0.561168
1 0.841471 0.540302
1.025 0.854714 0.519099
1.05 0.867423 0.497571
1.075 0.87959 0.475732
1.1 0.891207 0.453596
1.125 0.902268 0.431177
1.15 0.912764 0.408487
1.175 0.92269 0.385543
1.2 0.932039 0.362358
1.225 0.940806 0.338946
1.25 0.948985 0.315322
1.275 0.95657 0.291502
1.3 0.963558 0.267499
1.325 0.969944 0.243329
1.35 0.975723 0.219007
1.375 0.980893 0.194548
1.4 0.98545 0.169967
1.425 0.989391 0.14528
1.45 0.992713 0.120503
1.475 0.995415 0.0956499
1.5 0.997495 0.0707372
1.525 0.998952 0.0457803
1.55 0.999784 0.0207948
1.575 0.999991 -0.00420366
1.6 0.999574 -0.0291995
1.625 0.998531 -0.0541771
1.65 0.996865 -0.0791209
1.675 0.994576 -0.104015
1.7 0.991665 -0.128844
1.725 0.988134 -0.153593
1.75 0.983986 -0.178246
1.775 0.979223 -0.202787
1.8 0.973848 -0.227202
1.825 0.967864 -0.251475
1.85 0.961275 -0.27559
1.875 0.954086 -0.299534
1.9 0.9463 -0.32329
1.925 0.937923 -0.346844
1.95 0.92896 -0.370181
1.975 0.919416 -0.393287
2 0.909297 -0.416147
2.025 0.898611 -0.438747
2.05 0.887362 -0.461073
2.075 0.875559 -0.48311
2.1 0.863209 -0.504846
2.125 0.85032 -0.526266
2.15 0.836899 -0.547358
2.175 0.822955 -0.568107
2.2 0.808496 -0.588501
2.225 0.793533 -0.608528
2.25 0.778073 -0.628174
2.275 0.762127 -0.647427
2.3 0.745705 -0.666276
2.325 0.728817 -0.684709
2.35 0.711473 -0.702713
2.375 0.693685 -0.720278
2.4 0.675463 -0.737394
2.425 0.656819 -0.754048
2.45 0.637765 -0.770231
2.475 0.618312 -0.785933
2.5 0.598472 -0.801144
2.525 0.578259 -0.815854
2.55 0.557684 -0.830054
2.575 0.53676 -0.843735
2.6 0.515501 -0.856889
2.625 0.49392 -0.869507
2.65 0.472031 -0.881582
2.675 0.449846 -0.893106
2.7 0.42738 -0.904072
2.725 0.404647 -0.914473
2.75 0.381661 -0.924302
2.775 0.358437 -0.933554
2.8 0.334988 -0.942222
2.825 0.31133 -0.950302
2.85 0.287478 -0.957787
2.875 0.263446 -0.964674
2.9 0.239249 -0.970958
2.925 0.214903 -0.976635
2.95 0.190423 -0.981702
2.975 0.165823 -0.986156
3 0.14112 -0.989992
3.025 0.116329 -0.993211
3.05 0.0914646 -0.995808
3.075 0.0665434 -0.997784
3.1 0.0415807 -0.999135
3.125 0.0165919 -0.999862
3.15 -0.00840725 -0.999965
3.175 -0.0334011 -0.999442
3.2 -0.0583741 -0.998295
3.225 -0.0833107 -0.996524
3.25 -0.108195 -0.99413
3.275 -0.133012 -0.991114
3.3 -0.157746 -0.98748
3.325 -0.182381 -0.983228
3.35 -0.206902 -0.978362
3.375 -0.231294 -0.972884
3.4 -0.255541 -0.966798
3.425 -0.279629 -0.960108
3.45 -0.303542 -0.952818
3.475 -0.327265 -0.944933
3.5 -0.350783 -0.936457
3.525 -0.374083 -0.927395
3.55 -0.397148 -0.917755
3.575 -0.419966 -0.90754
3.6 -0.44252 -0.896758
3.625 -0.464799 -0.885416
3.65 -0.486787 -0.873521
3.675 -0.50847 -0.86108
3.7 -0.529836 -0.8481
3.725 -0.550871 -0.83459
3.75 -0.571561 -0.820559
3.775 -0.591895 -0.806015
3.8 -0.611858 -0.790968
3.825 -0.631439 -0.775426
3.85 -0.650625 -0.759399
3.875 -0.669405 -0.742898
3.9 -0.687766 -0.725932
3.925 -0.705698 -0.708513
3.95 -0.723188 -0.690651
3.975 -0.740227 -0.672357
4 -0.756802 -0.653644
4.025 -0.772905 -0.634521
4.05 -0.788525 -0.615002
4.075 -0.803652 -0.595099
4.1 -0.818277 -0.574824
4.125 -0.832391 -0.55419
4.15 -0.845984 -0.533209
4.175 -0.859048 -0.511895
4.2 -0.871576 -0.490261
4.225 -0.883559 -0.46832
4.25 -0.894989 -0.446087
4.275 -0.905861 -0.423576
4.3 -0.916166 -0.400799
4.325 -0.925899 -0.377772
4.35 -0.935053 -0.354509
4.375 -0.943622 -0.331024
4.4 -0.951602 -0.307333
4.425 -0.958987 -0.283449
4.45 -0.965773 -0.259389
4.475 -0.971955 -0.235166
4.5 -0.97753 -0.210796
4.525 -0.982494 -0.186294
4.55 -0.986844 -0.161676
4.575 -0.990577 -0.136957
4.6 -0.993691 -0.112153
4.625 -0.996184 -0.0872778
4.65 -0.998054 -0.0623485
4.675 -0.999301 -0.0373803
4.7 -0.999923 -0.0123887
4.725 -0.99992 0.0126107
4.75 -0.999293 0.0376022
4.775 -0.998041 0.0625701
4.8 -0.996165 0.087499
4.825 -0.993666 0.112373
4.85 -0.990547 0.137177
4.875 -0.986808 0.161895
4.9 -0.982453 0.186512
4.925 -0.977483 0.211013
4.95 -0.971903 0.235381
4.975 -0.965715 0.259603
5 -0.958924 0.283662
