5 1.9e-05 9e-06 1e-05 2.2188e-05 4.556e-06 7.872e-06
10 0.000137 5.4e-05 6.4e-05 0.000177504 3.6448e-05 6.2976e-05
15 0.000531 0.000155 0.000375 0.000599076 0.000123012 0.000212544
20 0.001153 0.000358 0.000473 0.00142003 0.000291584 0.000503808
25 0.002336 0.000564 0.000931 0.0027735 0.0005695 0.000984
30 0.004348 0.001032 0.001599 0.00479261 0.000984096 0.00170035
35 0.006683 0.001678 0.002528 0.00761048 0.00156271 0.0027001
40 0.010516 0.002231 0.003817 0.0113603 0.00233267 0.00403046
45 0.015249 0.003353 0.005421 0.0161751 0.00332132 0.00573869
50 0.021091 0.004375 0.007523 0.022188 0.004556 0.007872
55 0.028055 0.005987 0.009779 0.0295322 0.00606404 0.0104776
60 0.037131 0.007623 0.013494 0.0383409 0.00787277 0.0136028
65 0.047873 0.009157 0.016831 0.048747 0.0100095 0.0172948
70 0.060174 0.011633 0.020923 0.0608839 0.0125017 0.0216008
75 0.076239 0.015054 0.025907 0.0748845 0.0153765 0.026568
80 0.092013 0.022794 0.03109 0.090882 0.0186614 0.0322437
85 0.11614 0.023686 0.03708 0.10901 0.0223836 0.0386751
90 0.13357 0.027561 0.043552 0.1294 0.0265706 0.0459095
95 0.156169 0.027862 0.052931 0.152187 0.0312496 0.053994
100 0.181479 0.031647 0.063223 0.177504 0.036448 0.062976
105 0.215635 0.035288 0.072722 0.205483 0.0421931 0.0729026
110 0.249473 0.034478 0.083547 0.236258 0.0485123 0.0838211
115 0.290441 0.045223 0.103968 0.269961 0.0554329 0.0957786
120 0.351068 0.043931 0.125528 0.306727 0.0629821 0.108823
125 0.408521 0.052005 0.136127 0.346687 0.0711875 0.123
130 0.625378 0.054254 0.138079 0.389976 0.0800763 0.138358
135 0.480362 0.054984 0.15406 0.436726 0.0896757 0.154945
140 0.548105 0.060346 0.174762 0.487071 0.100013 0.172806
145 0.639616 0.078821 0.213067 0.541143 0.111116 0.19199
150 0.987934 0.092813 0.277054 0.599076 0.123012 0.212544
