0 0 0 0 0 0 0
0.047619 0.149439 0.29554 -0.435039 0.149042 0.294755 -0.433884
0.0952381 0.29554 0.56482 -0.783914 0.294755 0.56332 -0.781831
0.142857 0.435039 0.783914 -0.977524 0.433884 0.781831 -0.974928
0.190476 0.56482 0.933353 -0.977524 0.56332 0.930874 -0.974928
0.238095 0.681984 0.99986 -0.783914 0.680173 0.997204 -0.781831
0.285714 0.783914 0.977524 -0.435039 0.781831 0.974928 -0.433884
0.333333 0.868332 0.868332 6.21904e-10 0.866025 0.866025 -1.22465e-16
0.380952 0.933353 0.681984 0.435039 0.930874 0.680173 0.433884
0.428571 0.977524 0.435039 0.783914 0.974928 0.433884 0.781831
0.47619 0.99986 0.149439 0.977524 0.997204 0.149042 0.974928
0.52381 0.99986 -0.149439 0.977524 0.997204 -0.149042 0.974928
0.571429 0.977524 -0.435039 0.783914 0.974928 -0.433884 0.781831
0.619048 0.933353 -0.681984 0.435039 0.930874 -0.680173 0.433884
0.666667 0.868332 -0.868332 -2.98217e-09 0.866025 -0.866025 2.44929e-16
0.714286 0.783914 -0.977524 -0.435039 0.781831 -0.974928 -0.433884
0.761905 0.681984 -0.99986 -0.783914 0.680173 -0.997204 -0.781831
0.809524 0.56482 -0.933353 -0.977524 0.56332 -0.930874 -0.974928
0.857143 0.435039 -0.783914 -0.977524 0.433884 -0.781831 -0.974928
0.904762 0.29554 -0.56482 -0.783914 0.294755 -0.56332 -0.781831
0.952381 0.149439 -0.29554 -0.435039 0.149042 -0.294755 -0.433884
1 0 0 0 0 0 0
