        -6   0.150645   0.276684  -0.242873
    -5.875   0.114602   0.299363  -0.216512
     -5.75  0.0759753   0.317945  -0.186565
    -5.625  0.0353013    0.33207  -0.153371
      -5.5 -0.00684387   0.341438  -0.117315
    -5.375   -0.04985    0.34581 -0.0788236
     -5.25  -0.093081   0.345014 -0.0383529
    -5.125  -0.135884   0.338947 0.00361174
        -5  -0.177597   0.327579  0.0465651
    -4.875  -0.217559   0.310953  0.0899887
     -4.75  -0.255121   0.289187   0.133358
    -4.625   -0.28965   0.262469    0.17615
      -4.5  -0.320543    0.23106   0.217849
    -4.375  -0.347233   0.195291   0.257957
     -4.25    -0.3692   0.155553   0.295998
    -4.125  -0.385975   0.112302   0.331526
        -4   -0.39715  0.0660433   0.364128
    -3.875  -0.402383  0.0173343   0.393437
     -3.75  -0.401406 -0.0332293   0.419128
    -3.625  -0.394025  -0.085018   0.440931
      -3.5  -0.380128  -0.137378   0.458629
    -3.375  -0.359685  -0.189637   0.472062
     -3.25  -0.332751   -0.24112   0.481132
    -3.125  -0.299465  -0.291149     0.4858
        -3  -0.260052  -0.339059   0.486091
    -2.875  -0.214816  -0.384206   0.482089
     -2.75  -0.164141  -0.425972   0.473939
    -2.625  -0.108488   -0.46378   0.461844
      -2.5 -0.0483838  -0.497094   0.446059
    -2.375  0.0155784  -0.525434   0.426893
     -2.25  0.0827499  -0.548378   0.404698
    -2.125   0.152433   -0.56557   0.379868
        -2   0.223891  -0.576725   0.352834
    -1.875   0.296354  -0.581631   0.324052
     -1.75   0.369033  -0.580156   0.294003
    -1.625   0.441125  -0.572248   0.263181
      -1.5   0.511828  -0.557937   0.232088
    -1.375   0.580347  -0.537331   0.201226
     -1.25   0.645906  -0.510623   0.171091
    -1.125   0.707759  -0.478082   0.142164
        -1   0.765198  -0.440051   0.114903
    -0.875    0.81756  -0.396944  0.0897413
     -0.75   0.864242  -0.349244   0.067074
    -0.625   0.904702  -0.297488  0.0472579
      -0.5    0.93847  -0.242268   0.030604
    -0.375   0.965152  -0.184223   0.017373
     -0.25   0.984436  -0.124026 0.00777189
    -0.125   0.996098  -0.062378 0.00195058
         0          1 2.4072e-17 1.08996e-17
     0.125   0.996098   0.062378 0.00195058
      0.25   0.984436   0.124026 0.00777189
     0.375   0.965152   0.184223   0.017373
       0.5    0.93847   0.242268   0.030604
     0.625   0.904702   0.297488  0.0472579
      0.75   0.864242   0.349244   0.067074
     0.875    0.81756   0.396944  0.0897413
         1   0.765198   0.440051   0.114903
     1.125   0.707759   0.478082   0.142164
      1.25   0.645906   0.510623   0.171091
     1.375   0.580347   0.537331   0.201226
       1.5   0.511828   0.557937   0.232088
     1.625   0.441125   0.572248   0.263181
      1.75   0.369033   0.580156   0.294003
     1.875   0.296354   0.581631   0.324052
         2   0.223891   0.576725   0.352834
     2.125   0.152433    0.56557   0.379868
      2.25  0.0827499   0.548378   0.404698
     2.375  0.0155784   0.525434   0.426893
       2.5 -0.0483838   0.497094   0.446059
     2.625  -0.108488    0.46378   0.461844
      2.75  -0.164141   0.425972   0.473939
     2.875  -0.214816   0.384206   0.482089
         3  -0.260052   0.339059   0.486091
     3.125  -0.299465   0.291149     0.4858
      3.25  -0.332751    0.24112   0.481132
     3.375  -0.359685   0.189637   0.472062
       3.5  -0.380128   0.137378   0.458629
     3.625  -0.394025   0.085018   0.440931
      3.75  -0.401406  0.0332293   0.419128
     3.875  -0.402383 -0.0173343   0.393437
         4   -0.39715 -0.0660433   0.364128
     4.125  -0.385975  -0.112302   0.331526
      4.25    -0.3692  -0.155553   0.295998
     4.375  -0.347233  -0.195291   0.257957
       4.5  -0.320543   -0.23106   0.217849
     4.625   -0.28965  -0.262469    0.17615
      4.75  -0.255121  -0.289187   0.133358
     4.875  -0.217559  -0.310953  0.0899887
         5  -0.177597  -0.327579  0.0465651
     5.125  -0.135884  -0.338947 0.00361174
      5.25  -0.093081  -0.345014 -0.0383529
     5.375   -0.04985   -0.34581 -0.0788236
       5.5 -0.00684387  -0.341438  -0.117315
     5.625  0.0353013   -0.33207  -0.153371
      5.75  0.0759753  -0.317945  -0.186565
     5.875   0.114602  -0.299363  -0.216512
         6   0.150645  -0.276684  -0.242873
