0 0.5 0
0.0628319 0.531648 0.0627905
0.125664 0.562977 0.125333
0.188496 0.593658 0.187381
0.251327 0.62334 0.24869
0.314159 0.651654 0.309017
0.376991 0.678216 0.368125
0.439823 0.702631 0.425779
0.502655 0.7245 0.481754
0.565487 0.743426 0.535827
0.628319 0.759019 0.587785
0.69115 0.770904 0.637424
0.753982 0.778727 0.684547
0.816814 0.782161 0.728969
0.879646 0.780916 0.770513
0.942478 0.774743 0.809017
1.00531 0.763442 0.844328
1.06814 0.746864 0.876307
1.13097 0.724925 0.904827
1.19381 0.697602 0.929776
1.25664 0.664949 0.951057
1.31947 0.627094 0.968583
1.3823 0.584254 0.982287
1.44513 0.536742 0.992115
1.50796 0.484978 0.998027
1.5708 0.429496 1
1.63363 0.37095 0.998027
1.69646 0.310105 0.992115
1.75929 0.247805 0.982287
1.82212 0.184918 0.968583
1.88496 0.122245 0.951057
1.94779 0.0604055 0.929776
2.01062 -0.000285586 0.904827
2.07345 -0.0599134 0.876307
2.13628 -0.118997 0.844328
2.19911 -0.178423 0.809017
2.26195 -0.239257 0.770513
2.32478 -0.30246 0.728969
2.38761 -0.368551 0.684547
2.45044 -0.437309 0.637424
2.51327 -0.5076 0.587785
2.57611 -0.577402 0.535827
2.63894 -0.643781 0.481754
2.70177 -0.574976 0.425779
2.7646 -0.427361 0.368125
2.82743 -1.20006 0.309017
2.89027 -0.831013 0.24869
2.9531 -0.844181 0.187381
3.01593 -0.85089 0.125333
3.07876 -0.848381 0.0627905
3.14159 -0.838525 1.22465e-16
3.20442 -0.82316 -0.0627905
3.26726 -0.803856 -0.125333
3.33009 -0.781801 -0.187381
3.39292 -0.757788 -0.24869
3.45575 -0.732285 -0.309017
3.51858 -0.705534 -0.368125
3.58142 -0.677658 -0.425779
3.64425 -0.648742 -0.481754
3.70708 -0.618887 -0.535827
3.76991 -0.588236 -0.587785
3.83274 -0.556975 -0.637424
3.89557 -0.525325 -0.684547
3.95841 -0.49353 -0.728969
4.02124 -0.461838 -0.770513
4.08407 -0.43049 -0.809017
4.1469 -0.399712 -0.844328
4.20973 -0.369707 -0.876307
4.27257 -0.340652 -0.904827
4.3354 -0.312697 -0.929776
4.39823 -0.285964 -0.951057
4.46106 -0.26055 -0.968583
4.52389 -0.236524 -0.982287
4.58673 -0.213934 -0.992115
4.64956 -0.192803 -0.998027
4.71239 -0.173138 -1
4.77522 -0.154926 -0.998027
4.83805 -0.13814 -0.992115
4.90088 -0.122741 -0.982287
4.96372 -0.108678 -0.968583
5.02655 -0.0958922 -0.951057
5.08938 -0.0843187 -0.929776
5.15221 -0.0738874 -0.904827
5.21504 -0.0645252 -0.876307
5.27788 -0.0561574 -0.844328
5.34071 -0.0487092 -0.809017
5.40354 -0.0421061 -0.770513
5.46637 -0.0362758 -0.728969
5.5292 -0.031148 -0.684547
5.59203 -0.0266557 -0.637424
5.65487 -0.0227353 -0.587785
5.7177 -0.0193271 -0.535827
5.78053 -0.0163755 -0.481754
5.84336 -0.0138288 -0.425779
5.90619 -0.0116398 -0.368125
5.96903 -0.00976506 -0.309017
6.03186 -0.00816545 -0.24869
6.09469 -0.00680555 -0.187381
6.15752 -0.00565364 -0.125333
6.22035 -0.00468142 -0.0627905
