-5 0.0269284 1.38879e-11 -0.158553 1.38879e-10 0 0
-4.9 0.0121162 3.73757e-11 -0.137613 3.66282e-10 0.00193478 2.37644e-12
-4.8 -0.000581466 9.85951e-11 -0.116292 9.46513e-10 0.00249374 8.69806e-12
-4.7 -0.0111358 2.54938e-10 -0.0947804 2.39642e-09 0.00188995 2.51823e-11
-4.6 -0.0195384 6.46143e-10 -0.0732958 5.94452e-09 0.000338329 6.73165e-11
-4.5 -0.0258041 1.60523e-09 -0.0520871 1.44471e-08 -0.00194648 1.72884e-10
-4.4 -0.0299743 3.90894e-09 -0.0314333 3.43987e-08 -0.00475261 4.32154e-10
-4.3 -0.0321196 9.33029e-09 -0.0116441 8.02405e-08 -0.00787381 1.05632e-09
-4.2 -0.0323432 2.18296e-08 0.0069428 1.83368e-07 -0.0111124 2.52925e-09
-4.1 -0.0307832 5.00622e-08 0.023965 4.1051e-07 -0.0142829 5.93638e-09
-4 -0.027615 1.12535e-07 0.0390422 9.00281e-07 -0.0172154 1.36618e-08
-3.9 -0.0230525 2.4796e-07 0.0517863 1.93408e-06 -0.0197594 3.08325e-08
-3.8 -0.0173483 5.35535e-07 0.0618146 4.07006e-06 -0.0217878 6.82416e-08
-3.7 -0.0107921 1.13373e-06 0.0687687 8.38958e-06 -0.0232006 1.48132e-07
-3.6 -0.00370749 2.35258e-06 0.0723369 1.69385e-05 -0.0239286 3.15374e-07
-3.5 0.0035544 4.78512e-06 0.0722826 3.34958e-05 -0.0239362 6.58552e-07
-3.4 0.0106238 9.54016e-06 0.0684757 6.48731e-05 -0.0232241 1.34883e-06
-3.3 0.0171246 1.86437e-05 0.0609281 0.000123049 -0.0218304 2.70982e-06
-3.2 0.0226908 3.57128e-05 0.0498296 0.000228562 -0.0198304 5.34019e-06
-3.1 0.0269853 6.70548e-05 0.0355827 0.00041574 -0.0173347 1.03234e-05
-3 0.0297236 0.00012341 0.018833 0.000740459 -0.0144853 1.95772e-05
-2.9 0.0306985 0.00022263 0.000489798 0.00129125 -0.0114489 3.6422e-05
-2.8 0.0298075 0.000393669 -0.0182657 0.00220455 -0.00840792 6.64787e-05
-2.7 0.0270795 0.000682328 -0.0359904 0.00368457 -0.00554877 0.000119049
-2.6 0.0226994 0.00115923 -0.0510112 0.00602799 -0.00304728 0.00020918
-2.5 0.0170288 0.00193045 -0.0614818 0.00965227 -0.00105212 0.000360652
-2.4 0.0106192 0.00315111 -0.0654664 0.0151253 0.000333628 0.00061018
-2.3 0.00421576 0.00504176 -0.0610493 0.0231921 0.00107172 0.00101311
-2.2 -0.00125146 0.00790705 -0.0464677 0.034791 0.00120781 0.0016509
-2.1 -0.00468976 0.0121552 -0.020261 0.0510517 0.000888921 0.00264048
-2 -0.0048821 0.0183156 0.018572 0.0732626 0.000377973 0.00414553
-1.9 -0.000540696 0.0270518 0.0704201 0.102797 6.36219e-05 0.00638932
-1.8 0.00962476 0.0391639 0.134925 0.14099 0.000464054 0.00966829
-1.7 0.026827 0.0555762 0.210879 0.188959 0.00222332 0.0143653
-1.6 0.0521128 0.0773047 0.296171 0.247375 0.00609919 0.0209607
-1.5 0.0862729 0.105399 0.387789 0.316198 0.0129421 0.0300385
-1.4 0.129754 0.140858 0.4819 0.394404 0.023665 0.0422862
-1.3 0.182586 0.18452 0.57399 0.479751 0.0392052 0.0584839
-1.2 0.24432 0.236928 0.659086 0.568627 0.0604795 0.0794822
-1.1 0.313998 0.298197 0.732032 0.656034 0.0883345 0.106165
-1 0.390153 0.367879 0.787813 0.735759 0.123495 0.139403
-0.9 0.470836 0.444858 0.8219 0.800745 0.166517 0.179985
-0.8 0.553685 0.527292 0.830592 0.843668 0.217735 0.228557
-0.7 0.636021 0.612626 0.811325 0.857677 0.277237 0.285541
-0.6 0.714977 0.697676 0.76292 0.837212 0.344827 0.351073
-0.5 0.787645 0.778801 0.685742 0.778801 0.420022 0.424946
-0.4 0.851231 0.852144 0.581761 0.681715 0.502053 0.506574
-0.3 0.903219 0.913931 0.454491 0.548359 0.589881 0.594989
-0.2 0.941514 0.960789 0.308817 0.384316 0.68224 0.688862
-0.1 0.964567 0.99005 0.150722 0.19801 0.777676 0.786559
0 0.971468 1 -0.0130812 -0 0.874614 0.886227
0.1 0.961995 0.99005 -0.175567 -0.19801 0.971423 0.985895
0.2 0.936629 0.960789 -0.329837 -0.384316 1.06648 1.08359
0.3 0.896514 0.913931 -0.46955 -0.548359 1.15826 1.17746
0.4 0.843386 0.852144 -0.589306 -0.681715 1.24535 1.26588
0.5 0.779458 0.778801 -0.684949 -0.778801 1.32657 1.34751
0.6 0.707292 0.697676 -0.753774 -0.837212 1.40097 1.42138
0.7 0.629638 0.612626 -0.794623 -0.857677 1.46785 1.48691
0.8 0.549289 0.527292 -0.807862 -0.843668 1.52681 1.5439
0.9 0.468928 0.444858 -0.795258 -0.800745 1.57771 1.59247
1 0.391001 0.367879 -0.759766 -0.735759 1.62067 1.63305
1.1 0.31761 0.298197 -0.705243 -0.656034 1.65606 1.66629
1.2 0.250439 0.236928 -0.636132 -0.568627 1.6844 1.69297
1.3 0.190713 0.18452 -0.557131 -0.479751 1.70639 1.71397
1.4 0.139188 0.140858 -0.472882 -0.394404 1.72282 1.73017
1.5 0.0961676 0.105399 -0.387694 -0.316198 1.73452 1.74242
1.6 0.0615539 0.0773047 -0.305328 -0.247375 1.74233 1.75149
1.7 0.0349052 0.0555762 -0.228841 -0.188959 1.74709 1.75809
1.8 0.0155128 0.0391639 -0.160512 -0.14099 1.74956 1.76279
1.9 0.00248087 0.0270518 -0.101815 -0.102797 1.75041 1.76606
2 -0.00519589 0.0183156 -0.0534677 -0.0732626 1.75023 1.76831
2.1 -0.00855976 0.0121552 -0.0155143 -0.0510517 1.74951 1.76981
2.2 -0.00862864 0.00790705 0.0125564 -0.034791 1.74863 1.7708
2.3 -0.00634718 0.00504176 0.0316754 -0.0231921 1.74786 1.77144
2.4 -0.00255169 0.00315111 0.0430556 -0.0151253 1.74741 1.77184
2.5 0.00205138 0.00193045 0.0480605 -0.00965227 1.74738 1.77209
2.6 0.00689461 0.00115923 0.0480894 -0.00602799 1.74783 1.77224
2.7 0.0115483 0.000682328 0.0444844 -0.00368457 1.74875 1.77233
2.8 0.0157111 0.000393669 0.0384606 -0.00220455 1.75012 1.77239
2.9 0.0191948 0.00022263 0.0310616 -0.00129125 1.75187 1.77242
3 0.0219061 0.00012341 0.0231369 -0.000740459 1.75393 1.77243
3.1 0.0238265 6.70548e-05 0.0153373 -0.00041574 1.75623 1.77244
3.2 0.0249933 3.57128e-05 0.00812615 -0.000228562 1.75867 1.77245
3.3 0.0254814 1.86437e-05 0.00179967 -0.000123049 1.7612 1.77245
3.4 0.0253881 9.54016e-06 -0.00348592 -6.48731e-05 1.76375 1.77245
3.5 0.0248205 4.78512e-06 -0.00768519 -3.34958e-05 1.76627 1.77245
3.6 0.0238861 2.35258e-06 -0.0108346 -1.69385e-05 1.7687 1.77245
3.7 0.0226856 1.13373e-06 -0.0130261 -8.38958e-06 1.77103 1.77245
3.8 0.0213087 5.35535e-07 -0.0143845 -4.07006e-06 1.77323 1.77245
3.9 0.0198318 2.4796e-07 -0.0150495 -1.93408e-06 1.77529 1.77245
4 0.0183172 1.12535e-07 -0.0151614 -9.00281e-07 1.7772 1.77245
4.1 0.0168135 5.00622e-08 -0.0148523 -4.1051e-07 1.77896 1.77245
4.2 0.0153568 2.18296e-08 -0.0142395 -1.83368e-07 1.78056 1.77245
4.3 0.0139724 9.33029e-09 -0.0134231 -8.02405e-08 1.78203 1.77245
4.4 0.0126763 3.90894e-09 -0.0124846 -3.43987e-08 1.78336 1.77245
4.5 0.0114774 1.60523e-09 -0.0114879 -1.44471e-08 1.78457 1.77245
4.6 0.010379 6.46143e-10 -0.0104812 -5.94452e-09 1.78566 1.77245
4.7 0.00938032 2.54938e-10 -0.00949896 -2.39642e-09 1.78665 1.77245
4.8 0.00847762 9.85951e-11 -0.00856446 -9.46513e-10 1.78754 1.77245
4.9 0.00766536 3.73757e-11 -0.00769207 -3.66282e-10 1.78835 1.77245
