100 0.004408 0.004408
59 0.000796 0.000905311
348 0.239763 0.185772
494 0.620759 0.531401
369 0.226257 0.221473
303 0.147482 0.122622
163 0.01257 0.0190899
194 0.023612 0.0321845
272 0.073059 0.088705
210 0.030001 0.0408225
297 0.105954 0.115481
102 0.00342 0.0046778
93 0.002567 0.00354561
432 0.313621 0.35538
78 0.000971 0.00209183
227 0.042404 0.0515607
83 0.001695 0.00252044
290 0.093742 0.107507
366 0.246035 0.216115
40 0.00014 0.000282112
329 0.249823 0.156975
127 0.007746 0.00902927
128 0.017367 0.00924425
243 0.113925 0.06325
210 0.0582 0.0408225
168 0.022756 0.0209011
94 0.005048 0.00366121
87 0.001657 0.00290268
431 0.535856 0.352918
217 0.052495 0.0450423
330 0.177372 0.15841
344 0.127975 0.179439
108 0.003253 0.00555281
421 0.37472 0.328918
231 0.02856 0.0543347
231 0.045006 0.0543347
264 0.05963 0.0811061
0 1e-06 0
143 0.008262 0.0128899
37 0.000151 0.000223278
57 0.000755 0.000816331
337 0.141633 0.168706
189 0.018467 0.0297596
151 0.007542 0.0151765
354 0.188607 0.195547
251 0.049624 0.0697048
478 0.587137 0.481421
125 0.003481 0.00860937
137 0.007806 0.0113345
320 0.220116 0.144441
272 0.06468 0.088705
475 0.862926 0.472414
146 0.010763 0.0137183
109 0.003223 0.00570849
188 0.018614 0.0292897
285 0.092269 0.102041
131 0.004893 0.00990959
334 0.106353 0.164241
446 0.467064 0.391062
486 0.551932 0.506
33 7.4e-05 0.00015841
205 0.026162 0.0379755
169 0.019334 0.0212766
470 0.392022 0.457652
215 0.033512 0.0438084
22 5.8e-05 4.69364e-05
211 0.026477 0.0414084
353 0.289608 0.193895
10 9e-06 4.408e-06
374 0.230979 0.230598
131 0.005166 0.00990959
280 0.066032 0.0967644
248 0.039658 0.0672352
306 0.091405 0.126301
239 0.03727 0.0601777
57 0.000654 0.000816331
224 0.032344 0.0495434
437 0.37675 0.367863
416 0.302099 0.317338
481 0.605837 0.490543
329 0.164551 0.156975
330 0.100736 0.15841
480 0.681674 0.48749
94 0.003391 0.00366121
32 0.000104 0.000144441
268 0.076714 0.0848489
264 0.052464 0.0811061
433 0.377067 0.357854
274 0.070542 0.0906762
116 0.00406 0.00688043
43 0.000151 0.000350467
287 0.06695 0.104205
1 4e-06 4.408e-09
203 0.023265 0.0368748
202 0.019953 0.0363325
78 0.001409 0.00209183
29 0.000186 0.000107507
102 0.003122 0.0046778
344 0.142643 0.179439
374 0.182508 0.230598
187567 0.162329
