100 0.003234 0.001245
59 0.000856 0.000315
348 0.179845 0.076708
494 0.488885 0.2587
369 0.22485 0.095412
303 0.104312 0.040539
163 0.015415 0.003431
194 0.02838 0.012197
272 0.063971 0.030185
210 0.024866 0.01326
297 0.090455 0.038903
102 0.001935 0.000826
93 0.001465 0.000614
432 0.347526 0.162027
78 0.001362 0.000532
227 0.034724 0.01623
83 0.001701 0.001928
290 0.066 0.027188
366 0.194005 0.092289
40 0.000322 4.8e-05
329 0.141532 0.056882
127 0.00751 0.002408
128 0.007441 0.004165
243 0.049019 0.019781
210 0.031817 0.01254
168 0.011483 0.006217
94 0.002087 0.000871
87 0.001763 0.000506
431 0.386336 0.180165
217 0.036056 0.015372
330 0.12669 0.061059
344 0.144295 0.05283
108 0.003546 0.001609
421 0.348688 0.143175
231 0.033158 0.012762
231 0.033515 0.011857
264 0.047678 0.024762
0 2e-06 1e-06
143 0.007614 0.002208
37 0.000123 3.9e-05
57 0.000327 0.000132
337 0.122405 0.049653
189 0.014698 0.005957
151 0.008139 0.003981
354 0.163886 0.060291
251 0.05461 0.033888
478 0.484526 0.210102
125 0.006794 0.002259
137 0.007424 0.003052
320 0.139643 0.059015
272 0.054182 0.025006
475 0.537246 0.332479
146 0.01507 0.003711
109 0.010119 0.0015
188 0.020998 0.010213
285 0.08018 0.034434
131 0.006885 0.005926
334 0.133683 0.040367
446 0.344332 0.160639
486 0.663783 0.547414
33 0.000203 4.6e-05
205 0.061489 0.019435
169 0.032033 0.012498
470 0.752811 0.290934
215 0.038966 0.01668
22 4.9e-05 2.1e-05
211 0.039055 0.01671
353 0.384355 0.192545
10 1.3e-05 4e-06
374 0.448117 0.106047
131 0.013784 0.002608
280 0.078513 0.033156
2033079
248 0.081792 0.049612
306 0.168496 0.064901
239 0.072438 0.027947
57 0.000672 0.000236
224 0.06063 0.021431
437 1.09673 0.528129
416 0.808462 0.377598
481 1.39035 0.418951
329 0.108058 0.04507
330 0.099386 0.050977
480 0.424845 0.249812
94 0.001484 0.00058
32 6.6e-05 2.5e-05
268 0.05894 0.025178
264 0.05623 0.025732
433 0.381669 0.1785
274 0.075206 0.07772
116 0.016071 0.001695
43 0.000308 0.000131
287 0.220166 0.040011
1 2e-06 1e-06
203 0.028814 0.012944
202 0.025525 0.009529
78 0.002082 0.001367
29 0.000106 3.4e-05
102 0.003131 0.001223
344 0.160522 0.065472
374 0.237236 0.063607
05
