0 4.95867 5.55542 4.36192
0.15 4.93296 5.54032 4.3256
0.3 4.90725 5.52522 4.28929
0.45 4.88155 5.51012 4.25298
0.6 4.85584 5.49502 4.21666
0.75 4.83013 5.47992 4.18035
0.9 4.80443 5.46482 4.14404
1.05 4.77872 5.44972 4.10772
1.2 4.75301 5.43462 4.07141
1.35 4.72731 5.41952 4.0351
1.5 4.7016 5.40442 3.99878
1.65 4.67589 5.38932 3.96247
1.8 4.65019 5.37422 3.92616
1.95 4.62448 5.35912 3.88984
2.1 4.59877 5.34401 3.85353
2.25 4.57306 5.32891 3.81722
2.4 4.54736 5.31381 3.7809
2.55 4.52165 5.29871 3.74459
2.7 4.49594 5.28361 3.70827
2.85 4.47024 5.26851 3.67196
3 4.44453 5.25341 3.63565
3.15 4.41882 5.23831 3.59933
3.3 4.39312 5.22321 3.56302
3.45 4.36741 5.20811 3.52671
3.6 4.3417 5.19301 3.49039
3.75 4.316 5.17791 3.45408
3.9 4.29029 5.16281 3.41777
4.05 4.26458 5.14771 3.38145
4.2 4.23888 5.13261 3.34514
4.35 4.21317 5.11751 3.30883
4.5 4.18746 5.10241 3.27251
4.65 4.16175 5.08731 3.2362
4.8 4.13605 5.07221 3.19989
4.95 4.11034 5.05711 3.16357
5.1 4.08463 5.04201 3.12726
5.25 4.05893 5.02691 3.09095
5.4 4.03322 5.01181 3.05463
5.55 4.00751 4.99671 3.01832
5.7 3.98181 4.98161 2.982
5.85 3.9561 4.96651 2.94569
6 3.93039 4.95141 2.90938
6.15 3.90469 4.93631 2.87306
6.3 3.87898 4.92121 2.83675
6.45 3.85327 4.90611 2.80044
6.6 3.82756 4.89101 2.76412
6.75 3.80186 4.87591 2.72781
6.9 3.77615 4.8608 2.6915
7.05 3.75044 4.8457 2.65518
7.2 3.72474 4.8306 2.61887
7.35 3.69903 4.8155 2.58256
7.5 3.67332 4.8004 2.54624
7.65 3.64762 4.7853 2.50993
7.8 3.62191 4.7702 2.47362
7.95 3.5962 4.7551 2.4373
8.1 3.5705 4.74 2.40099
8.25 3.54479 4.7249 2.36467
8.4 3.51908 4.7098 2.32836
8.55 3.49337 4.6947 2.29205
8.7 3.46767 4.6796 2.25573
8.85 3.44196 4.6645 2.21942
9 3.41625 4.6494 2.18311
9.15 3.39055 4.6343 2.14679
9.3 3.36484 4.6192 2.11048
9.45 3.33913 4.6041 2.07417
9.6 3.31343 4.589 2.03785
9.75 3.28772 4.5739 2.00154
9.9 3.26201 4.5588 1.96523
10.05 3.23631 4.5437 1.92891
10.2 3.2106 4.5286 1.8926
10.35 3.18489 4.5135 1.85629
10.5 3.15918 4.4984 1.81997
10.65 3.13348 4.4833 1.78366
10.8 3.10777 4.4682 1.74735
10.95 3.08206 4.4531 1.71103
11.1 3.05636 4.438 1.67472
11.25 3.03065 4.4229 1.6384
11.4 3.00494 4.4078 1.60209
11.55 2.97924 4.3927 1.56578
11.7 2.95353 4.37759 1.52946
11.85 2.92782 4.36249 1.49315
12 2.90212 4.34739 1.45684
12.15 2.87641 4.33229 1.42052
12.3 2.8507 4.31719 1.38421
12.45 2.82499 4.30209 1.3479
12.6 2.79929 4.28699 1.31158
12.75 2.77358 4.27189 1.27527
12.9 2.74787 4.25679 1.23896
13.05 2.72217 4.24169 1.20264
13.2 2.69646 4.22659 1.16633
13.35 2.67075 4.21149 1.13002
13.5 2.64505 4.19639 1.0937
13.65 2.61934 4.18129 1.05739
13.8 2.59363 4.16619 1.02107
13.95 2.56793 4.15109 0.984761
14.1 2.54222 4.13599 0.948448
14.25 2.51651 4.12089 0.912134
14.4 2.4908 4.10579 0.875821
14.55 2.4651 4.09069 0.839507
14.7 2.43939 4.07559 0.803194
14.85 2.41368 4.06049 0.76688
