0 0.970004 -0.243088 -0.970004 0.243088 0 0 0.466204 0.432366 0.466204 0.432366 -0.932407 -0.864731
0.001 0.97047 -0.242655 -0.969538 0.24352 -0.000932407 -0.000864731 0.464992 0.432669 0.467417 0.432061 -0.932409 -0.864729
0.00455561 0.972116 -0.241115 -0.967868 0.245054 -0.00424771 -0.00393935 0.460697 0.433729 0.471744 0.43096 -0.932441 -0.864689
0.0124122 0.975698 -0.237698 -0.964124 0.24843 -0.011574 -0.0107323 0.45128 0.435982 0.481379 0.428433 -0.932659 -0.864415
0.0253078 0.981418 -0.232053 -0.957814 0.253928 -0.0236045 -0.0218752 0.436042 0.439423 0.497409 0.423991 -0.933451 -0.863413
0.0428841 0.988901 -0.22429 -0.948878 0.261324 -0.0400239 -0.0370347 0.415711 0.443631 0.519685 0.417311 -0.935396 -0.860942
0.0642098 0.997507 -0.214778 -0.937504 0.270132 -0.0600034 -0.0553546 0.391715 0.448056 0.54736 0.408158 -0.939075 -0.856214
0.0882619 1.00661 -0.203946 -0.923958 0.279817 -0.0826497 -0.0758712 0.365519 0.452249 0.579386 0.396321 -0.944904 -0.84857
0.114163 1.01572 -0.192179 -0.908499 0.289905 -0.107217 -0.0977265 0.338309 0.455939 0.614764 0.381595 -0.953073 -0.837535
0.141242 1.0245 -0.179786 -0.891345 0.300014 -0.133154 -0.120228 0.310928 0.459013 0.652617 0.363777 -0.963545 -0.82279
0.169009 1.03275 -0.167002 -0.87268 0.309842 -0.160071 -0.14284 0.283926 0.461464 0.692174 0.342679 -0.9761 -0.804143
0.197113 1.04035 -0.154002 -0.852659 0.319151 -0.187694 -0.165149 0.257638 0.463343 0.732733 0.318147 -0.990371 -0.781491
0.225307 1.04725 -0.140916 -0.831424 0.32775 -0.215828 -0.186834 0.232245 0.464732 0.773638 0.290075 -1.00588 -0.754807
0.253413 1.05343 -0.127837 -0.809107 0.335484 -0.244323 -0.207647 0.207831 0.465719 0.814253 0.258422 -1.02208 -0.724141
0.281305 1.0589 -0.114836 -0.785837 0.342227 -0.273058 -0.227391 0.184411 0.466387 0.853965 0.223227 -1.03838 -0.689615
0.308896 1.06367 -0.101961 -0.76174 0.347879 -0.301928 -0.245918 0.161958 0.466814 0.892188 0.184613 -1.05415 -0.651427
0.336127 1.06778 -0.0892442 -0.73694 0.352362 -0.330841 -0.263117 0.140415 0.467063 0.928371 0.142787 -1.06879 -0.609851
0.362969 1.07127 -0.076705 -0.711555 0.355616 -0.359714 -0.278911 0.119707 0.467189 0.96202 0.0980391 -1.08173 -0.565228
0.38941 1.07417 -0.0643511 -0.685695 0.357603 -0.388472 -0.293252 0.0997488 0.467232 0.992706 0.0507249 -1.09245 -0.517957
0.415456 1.07651 -0.0521815 -0.659464 0.358298 -0.417048 -0.306116 0.0804465 0.467228 1.02008 0.00125721 -1.10053 -0.468485
0.441127 1.07833 -0.0401874 -0.63295 0.357687 -0.445385 -0.3175 0.0617037 0.467199 1.04387 -0.0499128 -1.10558 -0.417286
0.466455 1.07966 -0.0283545 -0.606235 0.35577 -0.47343 -0.327416 0.0434227 0.467165 1.06391 -0.10231 -1.10733 -0.364854
0.49148 1.08053 -0.0166643 -0.579385 0.352552 -0.501141 -0.335888 0.0255061 0.467136 1.0801 -0.155452 -1.10561 -0.311684
0.516247 1.08094 -0.00509482 -0.552458 0.348044 -0.528481 -0.342949 0.00785758 0.46712 1.09243 -0.20886 -1.10029 -0.258261
0.540807 1.08092 0.00637763 -0.525501 0.342261 -0.555417 -0.348639 -0.00961786 0.467121 1.10097 -0.26207 -1.09135 -0.205051
0.565213 1.08047 0.0177782 -0.498549 0.33522 -0.581921 -0.352999 -0.0270141 0.467138 1.10585 -0.314644 -1.07883 -0.152494
0.589519 1.0796 0.0291328 -0.471633 0.32694 -0.60797 -0.356073 -0.0444244 0.467166 1.10726 -0.366175 -1.06283 -0.100991
0.613781 1.07831 0.0404673 -0.444772 0.317439 -0.633542 -0.357906 -0.0619418 0.467199 1.10545 -0.416294 -1.04351 -0.0509053
0.638053 1.0766 0.0518075 -0.417981 0.306736 -0.658616 -0.358543 -0.0796601 0.467226 1.10072 -0.464668 -1.02106 -0.00255839
0.662389 1.07444 0.0631785 -0.391267 0.294849 -0.683173 -0.358028 -0.0976743 0.467233 1.09338 -0.511007 -0.995706 0.0437738
0.686844 1.07183 0.0746043 -0.364634 0.281798 -0.707195 -0.356402 -0.116082 0.467201 1.08379 -0.55506 -0.967713 0.0878595
0.711467 1.06874 0.0861076 -0.338078 0.267601 -0.730662 -0.353708 -0.134983 0.467105 1.07234 -0.596616 -0.937355 0.129511
0.736308 1.06515 0.0977092 -0.311593 0.252278 -0.753554 -0.349987 -0.15448 0.466917 1.0594 -0.635499 -0.904924 0.168582
0.761411 1.06102 0.109427 -0.28517 0.235851 -0.775849 -0.345278 -0.174682 0.466597 1.0454 -0.671566 -0.870716 0.204969
0.786817 1.05632 0.121276 -0.258795 0.218347 -0.797523 -0.339623 -0.195696 0.4661 1.03073 -0.704703 -0.835036 0.238603
0.81256 1.051 0.133267 -0.232453 0.199796 -0.818548 -0.333063 -0.217637 0.465366 1.01582 -0.734821 -0.798187 0.269455
0.838668 1.04502 0.145405 -0.206128 0.180235 -0.838897 -0.32564 -0.240619 0.464327 1.00109 -0.761854 -0.760469 0.297527
0.865162 1.03834 0.157691 -0.179799 0.15971 -0.858536 -0.317401 -0.264757 0.462895 0.986934 -0.78575 -0.722177 0.322855
0.892052 1.03088 0.170116 -0.153446 0.138279 -0.877435 -0.308394 -0.290163 0.460968 0.973757 -0.806471 -0.683594 0.345503
0.91934 1.0226 0.182664 -0.127047 0.116009 -0.895557 -0.298673 -0.316943 0.458421 0.961935 -0.823987 -0.644992 0.365566
0.947016 1.01345 0.195311 -0.100578 0.0929824 -0.912871 -0.288293 -0.345195 0.455109 0.951822 -0.83827 -0.606627 0.383161
0.97506 1.00336 0.208021 -0.0740142 0.0692947 -0.929345 -0.277316 -0.375 0.450863 0.943732 -0.849293 -0.568732 0.398431
1.00344 0.992279 0.220749 -0.0473285 0.0450557 -0.94495 -0.265805 -0.406422 0.445488 0.937938 -0.857022 -0.531516 0.411534
1.03212 0.980158 0.233439 -0.0204941 0.0203886 -0.959663 -0.253828 -0.439496 0.438765 0.934658 -0.861411 -0.495162 0.422646
1.06105 0.966951 0.246023 0.00651583 -0.00457028 -0.973467 -0.241453 -0.474222 0.430452 0.934044 -0.862405 -0.459822 0.431953
1.09017 0.952622 0.258424 0.0337266 -0.0296733 -0.986349 -0.22875 -0.510559 0.420286 0.936177 -0.859929 -0.425618 0.439643
1.11942 0.937145 0.270553 0.0611603 -0.0547632 -0.998305 -0.215789 -0.548415 0.407991 0.941057 -0.853899 -0.392641 0.445908
1.14873 0.920506 0.282313 0.0888334 -0.0796753 -1.00934 -0.202638 -0.587641 0.393285 0.948593 -0.844219 -0.360952 0.450934
1.17803 0.902705 0.293601 0.116754 -0.10424 -1.01946 -0.189361 -0.628021 0.375889 0.958607 -0.830788 -0.330586 0.4549
1.20724 0.883762 0.304307 0.144922 -0.128287 -1.02868 -0.17602 -0.669273 0.355546 0.970823 -0.813518 -0.30155 0.457971
1.2363 0.863712 0.314322 0.173324 -0.151648 -1.03704 -0.162673 -0.711047 0.332033 0.984878 -0.792336 -0.273831 0.460303
1.26513 0.842608 0.323534 0.201934 -0.174161 -1.04454 -0.149372 -0.752927 0.305179 1.00032 -0.767211 -0.247396 0.462033
1.29368 0.820523 0.331839 0.230716 -0.195677 -1.05124 -0.136162 -0.794449 0.274878 1.01664 -0.73816 -0.222194 0.463282
1.32188 0.79754 0.339142 0.25962 -0.21606 -1.05716 -0.123082 -0.835108 0.241106 1.03327 -0.705262 -0.198162 0.464155
1.3497 0.773756 0.345358 0.288591 -0.235198 -1.06235 -0.110161 -0.874386 0.203926 1.04961 -0.66867 -0.175223 0.464744
1.3771 0.749276 0.350418 0.317568 -0.252997 -1.06684 -0.0974202 -0.911771 0.16349 1.06506 -0.628611 -0.153293 0.465121
1.40407 0.724204 0.354264 0.346486 -0.26939 -1.07069 -0.0848739 -0.946779 0.120035 1.07906 -0.585382 -0.132278 0.465347
1.43059 0.698645 0.356858 0.375284 -0.284331 -1.07393 -0.0725266 -0.978975 0.073875 1.09106 -0.539346 -0.112082 0.465471
1.4567 0.672695 0.358172 0.403903 -0.297796 -1.0766 -0.0603759 -1.00799 0.0253874 1.1006 -0.490918 -0.0926049 0.46553
1.48239 0.646444 0.358193 0.432289 -0.30978 -1.07873 -0.0484129 -1.03353 -0.0250028 1.10728 -0.44055 -0.0737461 0.465553
1.50772 0.619974 0.356916 0.460393 -0.320292 -1.08037 -0.0366235 -1.05538 -0.0768388 1.11079 -0.388722 -0.055405 0.465561
1.5327 0.593353 0.354345 0.488173 -0.329355 -1.08153 -0.0249895 -1.07342 -0.129647 1.1109 -0.335921 -0.0374824 0.465568
1.5574 0.566641 0.350489 0.515593 -0.337 -1.08223 -0.0134896 -1.08759 -0.182952 1.10747 -0.282632 -0.0198812 0.465584
1.58187 0.539888 0.345364 0.54262 -0.343264 -1.08251 -0.00210011 -1.09793 -0.236285 1.10043 -0.229329 -0.00250584 0.465614
1.60614 0.513132 0.338984 0.569227 -0.348187 -1.08236 0.00920366 -1.10453 -0.289202 1.08979 -0.176458 0.0147372 0.46566
1.63029 0.486406 0.331368 0.59539 -0.351815 -1.0818 0.0204474 -1.10756 -0.341281 1.07562 -0.124439 0.0319401 0.465719
1.65436 0.459733 0.322534 0.621087 -0.354191 -1.08082 0.0316571 -1.10724 -0.392136 1.05805 -0.073652 0.0491944 0.465788
1.6784 0.433131 0.312502 0.646298 -0.35536 -1.07943 0.0428584 -1.10384 -0.441418 1.03725 -0.0244382 0.0665916 0.465856
1.70248 0.40661 0.301289 0.671005 -0.355366 -1.07762 0.0540769 -1.09765 -0.488819 1.01343 0.0229054 0.0842242 0.465914
1.72665 0.380174 0.288914 0.695191 -0.354251 -1.07536 0.065337 -1.08902 -0.534069 0.986833 0.0681254 0.102186 0.465944
1.75095 0.353823 0.275395 0.718836 -0.352058 -1.07266 0.0766623 -1.07831 -0.57694 0.957732 0.111013 0.120574 0.465927
1.77545 0.327552 0.260751 0.741924 -0.348826 -1.06948 0.0880747 -1.06589 -0.617239 0.926403 0.151401 0.139486 0.465837
1.80018 0.301354 0.245001 0.764434 -0.344595 -1.06579 0.0995942 -1.05217 -0.654809 0.893141 0.189166 0.159026 0.465643
1.82519 0.275215 0.228167 0.786344 -0.339405 -1.06156 0.111238 -1.03754 -0.689525 0.858241 0.224221 0.1793 0.465304
1.85053 0.249122 0.210275 0.807632 -0.333295 -1.05675 0.12302 -1.02242 -0.721287 0.822004 0.256516 0.200417 0.464771
1.87621 0.223057 0.191356 0.82827 -0.326306 -1.05133 0.13495 -1.00722 -0.750021 0.784727 0.286039 0.22249 0.463983
1.90228 0.197001 0.171448 0.84823 -0.31848 -1.04523 0.147032 -0.992335 -0.775671 0.746704 0.312806 0.245631 0.462865
1.92875 0.170932 0.150598 0.867482 -0.309862 -1.03841 0.159265 -0.978174 -0.798195 0.708219 0.336865 0.269954 0.461329
1.95562 0.144827 0.128861 0.885993 -0.3005 -1.03082 0.171639 -0.965118 -0.817561 0.669547 0.358295 0.295571 0.459266
1.98291 0.118661 0.106307 0.903732 -0.290446 -1.02239 0.184139 -0.953531 -0.833745 0.630946 0.377197 0.322585 0.456548
2.0106 0.0924073 0.0830167 0.920666 -0.279755 -1.01307 0.196738 -0.94375 -0.846722 0.592658 0.393699 0.351092 0.453023
2.03867 0.0660377 0.0590862 0.936766 -0.268485 -1.0028 0.209399 -0.936074 -0.856462 0.554903 0.407947 0.38117 0.448516
2.0671 0.0395223 0.0346242 0.952004 -0.2567 -0.991526 0.222076 -0.930756 -0.86293 0.517877 0.420104 0.412879 0.442826
2.09584 0.0128306 0.00975341 0.966359 -0.244465 -0.97919 0.234711 -0.927995 -0.866077 0.481747 0.430348 0.446248 0.43573
2.12485 -0.0140674 -0.0153907 0.979814 -0.231845 -0.965747 0.247236 -0.927925 -0.865838 0.446653 0.438862 0.481272 0.426976
2.15407 -0.0411997 -0.0406611 0.992359 -0.218909 -0.951159 0.25957 -0.930607 -0.862133 0.412705 0.445835 0.517902 0.416298
2.18344 -0.0685903 -0.0659005 1.00399 -0.205722 -0.935398 0.271623 -0.93602 -0.854868 0.379983 0.451455 0.556037 0.403413
2.21289 -0.0962569 -0.0909436 1.01471 -0.192353 -0.91845 0.283296 -0.944054 -0.843938 0.348539 0.455902 0.595515 0.388036
2.24235 -0.124208 -0.11562 1.02452 -0.178863 -0.900314 0.294482 -0.954508 -0.829239 0.318402 0.459351 0.636106 0.369888
2.27175 -0.152442 -0.139757 1.03345 -0.165313 -0.881008 0.305069 -0.967087 -0.810677 0.289574 0.461963 0.677513 0.348714
2.30102 -0.180943 -0.163183 1.04151 -0.15176 -0.860571 0.314942 -0.981403 -0.788181 0.262037 0.463886 0.719366 0.324295
2.33008 -0.209682 -0.185735 1.04874 -0.138254 -0.839058 0.323989 -0.99699 -0.761726 0.235757 0.465252 0.761233 0.296473
2.35887 -0.238619 -0.207259 1.05516 -0.124842 -0.816542 0.332102 -1.01331 -0.731338 0.210682 0.466179 0.802631 0.265159
2.38734 -0.267699 -0.227621 1.06081 -0.111561 -0.793113 0.339182 -1.02979 -0.697114 0.186745 0.466766 0.843041 0.230348
2.41544 -0.296861 -0.246704 1.06573 -0.0984395 -0.768871 0.345144 -1.04581 -0.659227 0.163872 0.467099 0.881936 0.192128
2.44313 -0.326039 -0.264416 1.06996 -0.0855001 -0.743924 0.349916 -1.06077 -0.617926 0.141976 0.467248 0.918798 0.150678
2.47041 -0.355163 -0.280689 1.07354 -0.072755 -0.718381 0.353444 -1.07411 -0.573535 0.120964 0.467269 0.953146 0.106265
2.49726 -0.384169 -0.295478 1.07652 -0.0602087 -0.692349 0.355687 -1.08529 -0.526438 0.100739 0.467208 0.984553 0.0592303
2.5237 -0.412992 -0.308762 1.07892 -0.0478578 -0.665929 0.35662 -1.09386 -0.477073 0.0812007 0.467098 1.01266 0.00997517
2.54974 -0.441576 -0.320537 1.08079 -0.0356929 -0.639211 0.35623 -1.09945 -0.42591 0.0622475 0.466965 1.0372 -0.041054
2.57543 -0.46987 -0.330816 1.08215 -0.023699 -0.612277 0.354515 -1.10176 -0.373443 0.043778 0.466827 1.05799 -0.0933839
2.6008 -0.49783 -0.339622 1.08303 -0.011857 -0.585198 0.351479 -1.1006 -0.320167 0.025692 0.466697 1.07491 -0.146529
2.6259 -0.525418 -0.346989 1.08345 -0.000144772 -0.558031 0.347134 -1.09583 -0.266573 0.00789067 0.466581 1.08794 -0.200008
2.65078 -0.5526 -0.352957 1.08343 0.011462 -0.530827 0.341495 -1.08743 -0.213132 -0.00972306 0.466483 1.09715 -0.253351
2.67549 -0.579347 -0.357568 1.08297 0.0229888 -0.503623 0.33458 -1.07542 -0.160288 -0.0272449 0.466402 1.10267 -0.306113
2.7001 -0.605634 -0.360868 1.08208 0.0344618 -0.476451 0.326406 -1.0599 -0.108453 -0.0447697 0.466333 1.10467 -0.35788
2.72464 -0.631438 -0.362902 1.08077 0.0459074 -0.449332 0.316994 -1.04101 -0.0579955 -0.0623918 0.466269 1.1034 -0.408273
2.74919 -0.656739 -0.363715 1.07902 0.0573517 -0.422282 0.306364 -1.01895 -0.00924554 -0.0802062 0.466198 1.09915 -0.456952
2.77379 -0.681517 -0.363354 1.07683 0.0688201 -0.39531 0.294533 -0.993938 0.037513 -0.098309 0.466106 1.09225 -0.503619
2.7985 -0.705751 -0.36186 1.07417 0.0803368 -0.36842 0.281524 -0.96624 0.0820407 -0.116798 0.465973 1.08304 -0.548014
2.82337 -0.729422 -0.359279 1.07103 0.0919247 -0.34161 0.267354 -0.936129 0.124142 -0.135774 0.465775 1.0719 -0.589917
2.84846 -0.752509 -0.35565 1.06738 0.103604 -0.314875 0.252046 -0.903898 0.163665 -0.155341 0.46548 1.05924 -0.629145
2.87379 -0.774989 -0.351016 1.06319 0.115394 -0.288205 0.235622 -0.869847 0.200499 -0.175606 0.46505 1.04545 -0.665549
2.89943 -0.796837 -0.345419 1.05843 0.127308 -0.26159 0.218111 -0.834283 0.23457 -0.196678 0.464437 1.03096 -0.699007
2.92539 -0.818026 -0.338901 1.05304 0.139358 -0.235013 0.199544 -0.797513 0.265844 -0.21867 0.463583 1.01618 -0.729427
2.95172 -0.838525 -0.331507 1.04698 0.151548 -0.208459 0.179959 -0.759841 0.29432 -0.241696 0.462415 1.00154 -0.756735
2.97842 -0.858304 -0.323283 1.04021 0.163878 -0.181909 0.159405 -0.721565 0.320031 -0.26587 0.460848 0.987435 -0.780879
3.00551 -0.877329 -0.31428 1.03267 0.17634 -0.155342 0.13794 -0.682975 0.34304 -0.291303 0.458776 0.974278 -0.801816
3.033 -0.895567 -0.30455 1.0243 0.188917 -0.128736 0.115633 -0.644345 0.36344 -0.318101 0.456075 0.962445 -0.819515
3.06087 -0.912985 -0.294152 1.01505 0.201586 -0.102066 0.0925661 -0.605932 0.381349 -0.346359 0.452599 0.952291 -0.833948
3.08911 -0.929551 -0.283146 1.00486 0.214309 -0.0753079 0.0688366 -0.567974 0.396909 -0.376158 0.448178 0.944132 -0.845086
3.11768 -0.945238 -0.271598 0.993671 0.227044 -0.0484335 0.0445543 -0.530682 0.410279 -0.40756 0.442616 0.938242 -0.852896
3.14655 -0.960023 -0.259574 0.981438 0.239732 -0.0214146 0.0198424 -0.494239 0.421637 -0.440598 0.435696 0.934837 -0.857333
3.17567 -0.97389 -0.247144 0.968112 0.252307 0.00577715 -0.0051632 -0.458799 0.431168 -0.475273 0.427173 0.934073 -0.858341
3.20499 -0.986827 -0.234376 0.953658 0.264691 0.033169 -0.0303156 -0.424484 0.439063 -0.511544 0.416787 0.936028 -0.85585
3.23444 -0.99883 -0.221339 0.938045 0.276798 0.0607852 -0.0554583 -0.391385 0.445515 -0.549318 0.404259 0.940704 -0.849774
3.26396 -1.0099 -0.208102 0.92126 0.288529 0.0886444 -0.0804276 -0.359564 0.45071 -0.588447 0.389307 0.94801 -0.840017
3.29348 -1.02006 -0.194727 0.903302 0.299782 0.116758 -0.105055 -0.329053 0.45483 -0.628716 0.371654 0.957769 -0.826483
3.32293 -1.02931 -0.181278 0.884186 0.310447 0.145126 -0.129169 -0.299862 0.458041 -0.669845 0.35104 0.969707 -0.809081
3.35224 -1.03768 -0.167811 0.863945 0.320412 0.173739 -0.152601 -0.271978 0.460498 -0.711483 0.327243 0.983461 -0.787741
3.38135 -1.04521 -0.154377 0.842633 0.329567 0.202572 -0.17519 -0.245367 0.462341 -0.753216 0.300089 0.998583 -0.76243
3.41018 -1.05191 -0.141024 0.820317 0.337805 0.23159 -0.196781 -0.219981 0.463693 -0.794576 0.269473 1.01456 -0.733166
3.43869 -1.05783 -0.127788 0.797084 0.345028 0.260743 -0.21724 -0.195757 0.464661 -0.835059 0.235372 1.03082 -0.700033
3.46683 -1.063 -0.114702 0.77303 0.35115 0.289975 -0.236448 -0.172618 0.465335 -0.874142 0.19785 1.04676 -0.663186
3.49457 -1.06748 -0.101788 0.748258 0.356098 0.319223 -0.25431 -0.150482 0.465792 -0.911309 0.157063 1.06179 -0.622855
3.52188 -1.0713 -0.0890594 0.722877 0.359814 0.348421 -0.270755 -0.129256 0.466094 -0.946074 0.113254 1.07533 -0.579347
3.54877 -1.0745 -0.0765232 0.696992 0.362256 0.377504 -0.285733 -0.108844 0.466288 -0.977998 0.0667426 1.08684 -0.533031
3.57524 -1.07711 -0.0641777 0.670704 0.363395 0.40641 -0.299217 -0.0891449 0.466416 -1.00671 0.0179158 1.09586 -0.484332
3.60132 -1.07919 -0.0520148 0.644105 0.363217 0.435082 -0.311202 -0.0700589 0.466505 -1.03192 -0.0327934 1.10198 -0.433712
3.62702 -1.08075 -0.040021 0.617278 0.361716 0.46347 -0.321695 -0.0514842 0.466578 -1.05341 -0.0849193 1.1049 -0.381659
3.6524 -1.08182 -0.0281784 0.590295 0.358896 0.491528 -0.330718 -0.0333207 0.46665 -1.07107 -0.13798 1.10439 -0.328669
3.6775 -1.08243 -0.0164658 0.563218 0.354767 0.519216 -0.338301 -0.0154693 0.46673 -1.08484 -0.191494 1.10031 -0.275236
3.70237 -1.0826 -0.00485971 0.536098 0.349342 0.546502 -0.344482 0.00216709 0.466825 -1.09477 -0.244988 1.0926 -0.221837
3.72705 -1.08233 0.00666497 0.508975 0.342638 0.573355 -0.349303 0.0196844 0.466936 -1.10097 -0.298011 1.08128 -0.168925
3.75161 -1.08163 0.0181342 0.481882 0.334674 0.599751 -0.352808 0.0371774 0.467061 -1.1036 -0.350141 1.06642 -0.116919
3.7761 -1.08051 0.0295742 0.454843 0.325468 0.625665 -0.355042 0.0547404 0.467195 -1.1029 -0.400992 1.04816 -0.0662028
3.80058 -1.07895 0.0410112 0.427876 0.315039 0.651076 -0.356051 0.0724684 0.467329 -1.09915 -0.450214 1.02668 -0.017115
3.82509 -1.07696 0.0524709 0.40099 0.303408 0.675966 -0.355879 0.0904571 0.467451 -1.09265 -0.497499 1.0022 0.0300478
3.84971 -1.07451 0.0639781 0.374191 0.290592 0.700315 -0.35457 0.108804 0.467544 -1.08377 -0.542579 0.974962 0.0750343
3.87447 -1.07158 0.0755565 0.347478 0.276611 0.724103 -0.352167 0.127611 0.467587 -1.07286 -0.585225 0.945245 0.117638
3.89943 -1.06816 0.0872277 0.320847 0.261485 0.74731 -0.348712 0.146979 0.467553 -1.06032 -0.625248 0.913336 0.157695
3.92464 -1.0642 0.099011 0.29429 0.245235 0.769913 -0.344247 0.167018 0.467406 -1.04655 -0.66249 0.879534 0.195085
3.95013 -1.05968 0.110923 0.267795 0.227889 0.791889 -0.338811 0.187836 0.467104 -1.03198 -0.696827 0.844143 0.229723
3.97594 -1.05456 0.122975 0.241348 0.209474 0.81321 -0.332449 0.209547 0.466593 -1.01702 -0.72816 0.807472 0.261567
4.00211 -1.04878 0.135176 0.214934 0.190027 0.833849 -0.325204 0.232267 0.465808 -1.00209 -0.756413 0.769826 0.290605
4.02865 -1.04231 0.147527 0.188534 0.169594 0.853773 -0.317121 0.256112 0.464668 -0.987618 -0.78153 0.731505 0.316862
4.05558 -1.03508 0.160022 0.16213 0.148228 0.872949 -0.30825 0.281197 0.463076 -0.974001 -0.803469 0.692804 0.340393
4.0829 -1.02704 0.172647 0.135699 0.125997 0.891342 -0.298645 0.307631 0.460915 -0.961633 -0.822198 0.654002 0.361283
4.1106 -1.01814 0.185382 0.109221 0.10298 0.90892 -0.288362 0.335516 0.458046 -0.950882 -0.837689 0.615365 0.379643
4.13867 -1.00832 0.198192 0.0826697 0.0792718 0.925649 -0.277464 0.364941 0.454308 -0.94208 -0.849918 0.577139 0.39561
4.16708 -0.997521 0.211036 0.0560212 0.0549793 0.9415 -0.266015 0.395973 0.449514 -0.935518 -0.858854 0.539545 0.40934
4.19578 -0.985697 0.223859 0.0292492 0.0302252 0.956448 -0.254084 0.428659 0.443452 -0.931436 -0.864458 0.502777 0.421006
4.22472 -0.972802 0.236597 0.00232735 0.00514473 0.970474 -0.241742 0.46301 0.435888 -0.93001 -0.866681 0.467001 0.430794
4.25386 -0.958797 0.249174 -0.0247697 -0.0201155 0.983566 -0.229059 0.498997 0.426563 -0.931345 -0.865458 0.432348 0.438896
4.28312 -0.943655 0.261506 -0.0520648 -0.0453988 0.995719 -0.216108 0.536545 0.415205 -0.935466 -0.86071 0.398921 0.445506
4.31245 -0.92736 0.273498 -0.0795759 -0.0705411 1.00694 -0.202957 0.575521 0.401533 -0.942311 -0.852347 0.366789 0.450814
4.34176 -0.909911 0.285048 -0.107314 -0.0953737 1.01723 -0.189674 0.615731 0.385266 -0.951725 -0.840271 0.335994 0.455005
4.37098 -0.891322 0.296049 -0.135283 -0.119726 1.0266 -0.176323 0.656914 0.366141 -0.963464 -0.824392 0.30655 0.458251
4.40005 -0.871626 0.306392 -0.163472 -0.143429 1.0351 -0.162963 0.698739 0.343921 -0.977187 -0.804633 0.278448 0.460712
4.42888 -0.850872 0.315968 -0.191862 -0.166322 1.04273 -0.149646 0.740814 0.318417 -0.992471 -0.780948 0.251657 0.462531
4.45743 -0.829127 0.324671 -0.22042 -0.188251 1.04955 -0.13642 0.782689 0.289502 -1.00882 -0.753338 0.22613 0.463836
4.48563 -0.806471 0.332406 -0.249104 -0.209082 1.05557 -0.123324 0.823873 0.257124 -1.02568 -0.721862 0.201805 0.464738
4.51344 -0.782997 0.339085 -0.277862 -0.228696 1.06086 -0.110389 0.863854 0.221315 -1.04246 -0.686645 0.178607 0.46533
4.54083 -0.758806 0.344637 -0.306636 -0.246998 1.06544 -0.0976392 0.90212 0.182194 -1.05857 -0.647887 0.156451 0.465693
4.56777 -0.734002 0.349001 -0.335367 -0.263914 1.06937 -0.0850878 0.938177 0.139969 -1.07342 -0.605859 0.135244 0.46589
4.59427 -0.708686 0.352136 -0.363994 -0.279394 1.07268 -0.0727414 0.971578 0.0949245 -1.08647 -0.560896 0.114891 0.465972
4.62033 -0.682956 0.35401 -0.392459 -0.293412 1.07542 -0.0605986 1.00193 0.0474123 -1.09722 -0.513393 0.0952909 0.46598
4.64597 -0.656902 0.354607 -0.420711 -0.305955 1.07761 -0.0486517 1.02892 -0.00216242 -1.10526 -0.463783 0.0763426 0.465946
4.67122 -0.630607 0.35392 -0.4487 -0.317033 1.07931 -0.0368873 1.05229 -0.0533574 -1.11024 -0.412534 0.0579455 0.465891
4.69612 -0.60414 0.35195 -0.476386 -0.326662 1.08053 -0.0252879 1.07191 -0.105708 -1.11191 -0.360124 0.0400001 0.465832
4.72071 -0.577562 0.348705 -0.50373 -0.334872 1.08129 -0.0138325 1.08768 -0.158743 -1.11008 -0.307038 0.0224089 0.465781
4.74504 -0.550926 0.344197 -0.5307 -0.341699 1.08163 -0.00249814 1.0996 -0.211993 -1.10468 -0.25375 0.00507651 0.465742
4.76917 -0.524272 0.338442 -0.557269 -0.347182 1.08154 0.00873983 1.10776 -0.265006 -1.09567 -0.200714 -0.0120904 0.46572
4.79315 -0.497634 0.331457 -0.583412 -0.351363 1.08105 0.0199068 1.11228 -0.317353 -1.0831 -0.148359 -0.0291836 0.465712
4.81703 -0.471039 0.323259 -0.609107 -0.354288 1.08015 0.0310286 1.11336 -0.368637 -1.06707 -0.0970776 -0.0462937 0.465715
4.84087 -0.444504 0.313868 -0.634334 -0.355999 1.07884 0.0421309 1.11126 -0.418495 -1.04775 -0.0472258 -0.063511 0.465721
4.86472 -0.418041 0.3033 -0.659075 -0.35654 1.07712 0.0532391 1.10625 -0.466604 -1.02533 0.000883378 -0.0809264 0.46572
4.88864 -0.391658 0.291575 -0.683313 -0.355953 1.07497 0.0643781 1.09867 -0.512679 -1.00003 0.0469804 -0.0986321 0.465699
4.91268 -0.365355 0.27871 -0.707029 -0.354281 1.07238 0.0755715 1.08885 -0.556478 -0.972125 0.0908395 -0.116722 0.465638
4.93689 -0.33913 0.264722 -0.730207 -0.351564 1.06934 0.0868419 1.07717 -0.597793 -0.941876 0.132278 -0.135294 0.465515
4.96131 -0.312973 0.24963 -0.752827 -0.347839 1.0658 0.0982098 1.06402 -0.636455 -0.909571 0.171155 -0.154448 0.4653
4.986 -0.286876 0.233454 -0.77487 -0.343147 1.06175 0.109694 1.04979 -0.672327 -0.875506 0.20737 -0.174287 0.464957
5.01099 -0.260823 0.216217 -0.796313 -0.337526 1.05714 0.121309 1.0349 -0.705299 -0.839976 0.240858 -0.194919 0.464441
5.03632 -0.234798 0.197947 -0.817131 -0.331014 1.05193 0.133067 1.01973 -0.735288 -0.803279 0.271591 -0.216454 0.463696
5.06203 -0.208782 0.178678 -0.837298 -0.323653 1.04608 0.144975 1.00471 -0.762229 -0.765706 0.299573 -0.239005 0.462656
5.08813 -0.182754 0.15845 -0.856784 -0.315484 1.03954 0.157034 0.99023 -0.786077 -0.727545 0.324839 -0.262686 0.461237
5.11464 -0.156693 0.137314 -0.875557 -0.306553 1.03225 0.169238 0.976678 -0.806794 -0.689071 0.347454 -0.287607 0.459341
5.14156 -0.130574 0.115333 -0.893586 -0.296909 1.02416 0.181576 0.964426 -0.824354 -0.650548 0.367507 -0.313877 0.456848
5.16889 -0.104371 0.0925805 -0.910838 -0.286604 1.01521 0.194024 0.953822 -0.838731 -0.612226 0.385113 -0.341596 0.453618
5.19662 -0.0780567 0.069144 -0.927282 -0.275696 1.00534 0.206552 0.945181 -0.849897 -0.574331 0.40041 -0.370851 0.449488
5.22473 -0.0516028 0.0451256 -0.94289 -0.264243 0.994492 0.219117 0.938779 -0.85782 -0.53707 0.413551 -0.401709 0.444269
5.25316 -0.0249799 0.0206406 -0.957635 -0.252308 0.982615 0.231668 0.934839 -0.862454 -0.500623 0.424706 -0.434216 0.437748
5.28189 0.00184108 -0.00418185 -0.971499 -0.239958 0.969658 0.24414 0.933526 -0.86374 -0.465143 0.434055 -0.468383 0.429686
5.31087 0.028888 -0.0292005 -0.984467 -0.227259 0.955579 0.256459 0.934935 -0.861606 -0.430753 0.441782 -0.504182 0.419824
5.34002 0.0561855 -0.0542628 -0.996531 -0.214277 0.940346 0.26854 0.939084 -0.855961 -0.397548 0.448075 -0.541537 0.407886
5.36929 0.0837526 -0.0792072 -1.00769 -0.201079 0.923937 0.280287 0.945906 -0.846704 -0.365594 0.453116 -0.580313 0.393588
5.39861 0.111601 -0.103865 -1.01795 -0.187731 0.906347 0.291596 0.955242 -0.83373 -0.33493 0.457083 -0.620312 0.376648
5.42789 0.139731 -0.128065 -1.02732 -0.174293 0.887586 0.302358 0.96684 -0.816937 -0.305573 0.46014 -0.661267 0.356797
5.45708 0.168132 -0.151635 -1.03582 -0.160825 0.867685 0.31246 0.980355 -0.796244 -0.277514 0.462442 -0.702841 0.333802
5.48609 0.196781 -0.174407 -1.04347 -0.14738 0.846691 0.321787 0.995357 -0.771603 -0.250728 0.464129 -0.744629 0.307474
5.51486 0.225639 -0.196224 -1.05031 -0.134007 0.824671 0.330231 1.01134 -0.743015 -0.22517 0.465322 -0.786169 0.277693
5.54332 0.254659 -0.216942 -1.05637 -0.120747 0.801708 0.337689 1.02774 -0.710547 -0.200782 0.466131 -0.826956 0.244416
5.57144 0.283781 -0.236437 -1.06168 -0.107634 0.777898 0.344071 1.04396 -0.674335 -0.177493 0.466646 -0.866466 0.207689
5.59916 0.31294 -0.254607 -1.06629 -0.0946923 0.753346 0.349299 1.0594 -0.634595 -0.155222 0.466944 -0.904174 0.167651
5.62646 0.342069 -0.271374 -1.07023 -0.081939 0.72816 0.353313 1.07346 -0.591618 -0.133878 0.467089 -0.939581 0.12453
5.65335 0.3711 -0.286684 -1.07355 -0.0693819 0.702448 0.356066 1.0856 -0.545762 -0.113367 0.467129 -0.972235 0.0786331
5.67981 0.399971 -0.300505 -1.07628 -0.0570213 0.676313 0.357527 1.09534 -0.49744 -0.0935901 0.467103 -1.00175 0.0303365
5.70586 0.428621 -0.312828 -1.07847 -0.0448503 0.64985 0.357679 1.10226 -0.447109 -0.0744458 0.467043 -1.02781 -0.0199334
5.73155 0.456999 -0.323658 -1.08014 -0.0328562 0.623144 0.356515 1.10603 -0.395253 -0.0558331 0.466968 -1.0502 -0.071715
5.75689 0.485058 -0.333015 -1.08133 -0.0210218 0.596268 0.354037 1.10641 -0.342365 -0.0376517 0.466894 -1.06876 -0.124528
5.78194 0.512758 -0.340929 -1.08205 -0.00932631 0.569287 0.350255 1.10325 -0.28894 -0.0198026 0.46683 -1.08345 -0.17789
5.80675 0.540065 -0.347435 -1.08232 0.00225362 0.542253 0.345181 1.09646 -0.235458 -0.00218837 0.466783 -1.09428 -0.231325
5.83136 0.566948 -0.352576 -1.08216 0.0137428 0.515208 0.338833 1.08606 -0.182375 0.0152865 0.466752 -1.10135 -0.284377
5.85584 0.593383 -0.356396 -1.08157 0.0251672 0.488187 0.331229 1.0721 -0.130118 0.0327165 0.466736 -1.10482 -0.336618
5.88024 0.619345 -0.35894 -1.08056 0.0365529 0.461214 0.322387 1.05471 -0.0790738 0.0501953 0.466729 -1.10491 -0.387655
5.9046 0.644814 -0.360253 -1.07912 0.0479261 0.434308 0.312327 1.03406 -0.0295912 0.0678166 0.466722 -1.10188 -0.437131
5.929 0.66977 -0.360382 -1.07725 0.0593124 0.407481 0.301069 1.01037 0.0180263 0.0856749 0.466702 -1.09604 -0.484728
5.95348 0.694195 -0.359369 -1.07493 0.0707368 0.380737 0.288632 0.983869 0.0635197 0.103866 0.466653 -1.08774 -0.530173
5.9781 0.71807 -0.357257 -1.07215 0.0822227 0.354079 0.275034 0.954837 0.106675 0.122489 0.466554 -1.07733 -0.573228
6.0029 0.741375 -0.354089 -1.06888 0.0937922 0.3275 0.260297 0.923556 0.14732 0.141645 0.466376 -1.0652 -0.613697
6.02793 0.76409 -0.349906 -1.06509 0.105465 0.300995 0.244441 0.89032 0.185327 0.161438 0.466088 -1.05176 -0.651415
6.05324 0.786191 -0.344748 -1.06074 0.117258 0.274551 0.22749 0.855434 0.220608 0.181975 0.465646 -1.03741 -0.686254
6.07887 0.807654 -0.338657 -1.05581 0.129184 0.248155 0.209473 0.8192 0.253109 0.203369 0.465 -1.02257 -0.718109
6.10485 0.828451 -0.331676 -1.05024 0.141252 0.221789 0.190423 0.781923 0.282817 0.22573 0.464085 -1.00765 -0.746902
6.13119 0.848553 -0.323848 -1.04399 0.153466 0.195436 0.170382 0.743902 0.309749 0.249174 0.462824 -0.993077 -0.772573
6.15793 0.867928 -0.315221 -1.037 0.165821 0.169074 0.1494 0.705427 0.333953 0.273814 0.461125 -0.979241 -0.795078
6.18507 0.886544 -0.305845 -1.02923 0.178308 0.142682 0.127537 0.666777 0.355509 0.299759 0.458874 -0.966536 -0.814383
6.21261 0.904368 -0.295775 -1.0206 0.190908 0.116235 0.104867 0.628215 0.374522 0.327112 0.455939 -0.955327 -0.830461
6.24053 0.921368 -0.285068 -1.01107 0.203591 0.0897068 0.0814762 0.589987 0.391121 0.355963 0.452164 -0.94595 -0.843285
6.26881 0.937515 -0.273785 -1.00058 0.21632 0.0630699 0.0574648 0.552315 0.405458 0.386387 0.447369 -0.938702 -0.852827
6.29743 0.952783 -0.261991 -0.989078 0.229045 0.0362952 0.0329463 0.515394 0.417698 0.418437 0.44135 -0.933831 -0.859048
6.32634 0.967152 -0.249753 -0.976505 0.241706 0.00935312 0.00804733 0.479392 0.428023 0.452136 0.433877 -0.931528 -0.8619
6.35548 0.980606 -0.237138 -0.96282 0.254231 -0.0177858 -0.017093 0.444447 0.436619 0.487468 0.424698 -0.931915 -0.861317
6.38482 0.993138 -0.224216 -0.947989 0.266541 -0.0451487 -0.0423249 0.410666 0.443679 0.524375 0.413543 -0.935041 -0.857222
6.41428 1.00475 -0.211052 -0.931987 0.278542 -0.0727586 -0.0674895 0.378126 0.44939 0.562743 0.40013 -0.940869 -0.84952
6.44379 1.01543 -0.197714 -0.914802 0.290134 -0.100632 -0.0924207 0.346875 0.453936 0.6024 0.384176 -0.949274 -0.838112
6.47329 1.02522 -0.184263 -0.896438 0.301212 -0.128777 -0.116948 0.316936 0.457491 0.643103 0.365407 -0.960038 -0.822898
6.5027 1.03411 -0.170761 -0.876918 0.311662 -0.15719 -0.140901 0.288308 0.460215 0.684543 0.343574 -0.972851 -0.803789
6.53196 1.04214 -0.157261 -0.856281 0.321372 -0.185854 -0.164111 0.260971 0.462257 0.726341 0.318471 -0.987312 -0.780728
6.561 1.04933 -0.143814 -0.834586 0.330232 -0.21474 -0.186418 0.234884 0.463747 0.768058 0.28995 -1.00294 -0.753698
6.58975 1.05572 -0.130462 -0.81191 0.338135 -0.243806 -0.207673 0.209994 0.464802 0.809205 0.257937 -1.0192 -0.722739
6.61816 1.06134 -0.117243 -0.788341 0.344987 -0.272997 -0.227745 0.186232 0.46552 0.849266 0.222443 -1.0355 -0.687963
6.6462 1.06624 -0.104183 -0.763982 0.350706 -0.302254 -0.246523 0.163519 0.465986 0.887714 0.183571 -1.05123 -0.649557
6.67383 1.07045 -0.0913018 -0.73894 0.355222 -0.331511 -0.26392 0.141769 0.466267 0.924039 0.141515 -1.06581 -0.607782
6.70104 1.07402 -0.0786112 -0.713322 0.358484 -0.360699 -0.279873 0.120887 0.46642 0.95777 0.0965545 -1.07866 -0.562975
6.72783 1.07699 -0.066114 -0.687233 0.360455 -0.389754 -0.294341 0.100776 0.466489 0.988494 0.0490401 -1.08927 -0.51553
6.75422 1.07939 -0.053806 -0.660772 0.361112 -0.418614 -0.307306 0.0813358 0.466509 1.01587 -0.000617676 -1.0972 -0.465891
6.78022 1.08125 -0.0416769 -0.63403 0.360442 -0.447225 -0.318765 0.062464 0.466503 1.03963 -0.0519674 -1.1021 -0.414536
6.80587 1.08262 -0.0297111 -0.607084 0.358446 -0.475535 -0.328735 0.0440601 0.466491 1.05961 -0.104533 -1.10367 -0.361958
6.83121 1.08351 -0.0178894 -0.580004 0.355129 -0.503503 -0.337239 0.0260242 0.466485 1.07572 -0.157828 -1.10175 -0.308657
6.85629 1.08394 -0.0061892 -0.552846 0.350502 -0.53109 -0.344313 0.00825791 0.466492 1.08795 -0.211372 -1.09621 -0.25512
6.88116 1.08392 0.00541368 -0.525658 0.344582 -0.558264 -0.349995 -0.00933563 0.466515 1.09638 -0.264699 -1.08704 -0.201816
6.90588 1.08348 0.0169449 -0.498479 0.337385 -0.584997 -0.35433 -0.0268519 0.466555 1.10113 -0.31737 -1.07428 -0.149185
6.9305 1.0826 0.0284306 -0.471335 0.32893 -0.611264 -0.357361 -0.0443857 0.466606 1.10241 -0.368975 -1.05802 -0.097631
6.95507 1.08129 0.0398972 -0.44425 0.319237 -0.637042 -0.359135 -0.0620317 0.466662 1.10047 -0.419143 -1.03843 -0.047519
6.97966 1.07955 0.0513709 -0.417238 0.308326 -0.662312 -0.359696 -0.0798851 0.466711 1.0956 -0.467541 -1.01571 0.000830066
7.00431 1.07736 0.062877 -0.390305 0.296214 -0.687052 -0.359091 -0.0980429 0.46674 1.08813 -0.51388 -0.990089 0.0471397
7.02908 1.0747 0.0744398 -0.363456 0.282921 -0.711245 -0.357361 -0.116604 0.466728 1.07843 -0.557906 -0.961827 0.0911781
7.05403 1.07156 0.0860821 -0.336688 0.268468 -0.734869 -0.35455 -0.13567 0.466652 1.06687 -0.599409 -0.931203 0.132758
7.07919 1.0679 0.0978247 -0.309994 0.252874 -0.757904 -0.350699 -0.155346 0.466479 1.05386 -0.638212 -0.898514 0.171734
7.10463 1.06369 0.109685 -0.283366 0.236164 -0.780325 -0.34585 -0.17574 0.466171 1.0398 -0.674172 -0.86406 0.208002
7.13037 1.0589 0.121679 -0.25679 0.218365 -0.802108 -0.340044 -0.196964 0.465679 1.02511 -0.707175 -0.828149 0.241496
7.15644 1.05348 0.133815 -0.230252 0.199509 -0.823226 -0.333325 -0.219133 0.464944 1.01022 -0.737131 -0.791086 0.272187
7.18289 1.04738 0.146099 -0.203734 0.179637 -0.843646 -0.325736 -0.242361 0.463893 0.995539 -0.763974 -0.753178 0.30008
7.20972 1.04056 0.158529 -0.177218 0.158797 -0.863338 -0.317326 -0.266764 0.462438 0.981484 -0.787651 -0.71472 0.325214
7.23695 1.03295 0.171096 -0.150683 0.13705 -0.882266 -0.308146 -0.292454 0.46047 0.968456 -0.808126 -0.676002 0.347656
7.26456 1.02451 0.183782 -0.124108 0.114468 -0.900398 -0.29825 -0.319537 0.457864 0.956833 -0.825366 -0.637296 0.367503
7.29257 1.01517 0.196561 -0.0974677 0.0911366 -0.917698 -0.287697 -0.348109 0.454468 0.946969 -0.839346 -0.59886 0.384878
7.32093 1.00487 0.209395 -0.0707379 0.0671561 -0.934137 -0.276551 -0.378249 0.45011 0.939176 -0.850037 -0.560927 0.399927
7.34961 0.993577 0.222236 -0.0438919 0.0426407 -0.949686 -0.264877 -0.410016 0.44459 0.933723 -0.857403 -0.523707 0.412813
7.37858 0.981224 0.235026 -0.0169024 0.0177181 -0.964322 -0.252744 -0.44344 0.437685 0.930821 -0.8614 -0.487381 0.423716
7.40779 0.967772 0.247695 0.0102578 -0.00747147 -0.97803 -0.240224 -0.478515 0.429147 0.930613 -0.861971 -0.452098 0.432824
7.43716 0.953186 0.260163 0.037614 -0.0327767 -0.9908 -0.227387 -0.515191 0.418711 0.933169 -0.859041 -0.417978 0.440329
7.46665 0.937442 0.27234 0.0651882 -0.0580374 -1.00263 -0.214303 -0.553368 0.406098 0.938473 -0.852524 -0.385105 0.446426
7.49618 0.920528 0.284127 0.0929967 -0.0830866 -1.01353 -0.20104 -0.592884 0.391025 0.946423 -0.842326 -0.353539 0.451301
7.52567 0.90245 0.295419 0.121048 -0.107753 -1.0235 -0.187665 -0.633514 0.373215 0.956822 -0.828349 -0.323308 0.455134
7.55507 0.883227 0.306105 0.149339 -0.131866 -1.03257 -0.174239 -0.674964 0.352415 0.969379 -0.810506 -0.294415 0.458091
7.58428 0.8629 0.316075 0.177857 -0.155258 -1.04076 -0.160818 -0.716872 0.328408 0.983716 -0.788733 -0.266843 0.460325
7.61325 0.841524 0.325219 0.206576 -0.177767 -1.0481 -0.147453 -0.758814 0.301031 0.99937 -0.763004 -0.240555 0.461973
7.64192 0.819174 0.333434 0.235456 -0.199245 -1.05463 -0.134189 -0.800316 0.270191 1.01581 -0.733346 -0.215498 0.463155
7.67023 0.795938 0.340625 0.26445 -0.219563 -1.06039 -0.121062 -0.840871 0.235877 1.03247 -0.699851 -0.191602 0.463975
7.69815 0.771913 0.34671 0.293499 -0.238608 -1.06541 -0.108102 -0.879957 0.198165 1.04875 -0.662684 -0.168791 0.46452
7.72564 0.747204 0.35162 0.322544 -0.256293 -1.06975 -0.0953271 -0.917067 0.157221 1.06404 -0.622084 -0.146976 0.464863
7.75268 0.721917 0.355302 0.35152 -0.272552 -1.07344 -0.0827501 -0.951721 0.113297 1.07779 -0.57836 -0.126064 0.465063
7.77929 0.696155 0.357718 0.380365 -0.287344 -1.07652 -0.0703741 -0.983493 0.0667167 1.08945 -0.531884 -0.105957 0.465167
7.80547 0.670016 0.358844 0.409022 -0.300649 -1.07904 -0.0581954 -1.01203 0.0178682 1.09858 -0.48308 -0.0865527 0.465211
7.83125 0.643587 0.358667 0.437437 -0.312463 -1.08102 -0.046204 -1.03704 -0.0328168 1.10479 -0.432406 -0.0677509 0.465223
7.85665 0.616949 0.357184 0.465563 -0.322799 -1.08251 -0.0343849 -1.05833 -0.0848763 1.10778 -0.380346 -0.0494506 0.465222
7.88173 0.590169 0.3544 0.493358 -0.331681 -1.08353 -0.0227191 -1.07578 -0.137834 1.10733 -0.327388 -0.0315523 0.465223
7.90652 0.563305 0.350325 0.520785 -0.339141 -1.08409 -0.0111844 -1.08936 -0.191214 1.10332 -0.274019 -0.0139585 0.465234
