0 5.26461e+06 661 234727
0.333333 5.26456e+06 683.765 234752
2.70191 5.26418e+06 868.094 234954
10.7015 5.2621e+06 1859.86 236039
26.827 5.25051e+06 7388.08 242098
40.9217 5.21277e+06 25319.8 261907
47.2844 5.16825e+06 46279.5 285473
51.5326 5.11887e+06 69279.2 311852
54.8818 5.06345e+06 94785.7 341765
57.6033 5.00427e+06 121655 374074
60.028 4.93844e+06 151094 410468
62.1758 4.868e+06 182048 449949
64.1025 4.79386e+06 214009 492134
65.8617 4.71623e+06 246763 537005
67.5652 4.63144e+06 281692 586872
69.1999 4.54076e+06 318021 641218
70.7671 4.44512e+06 355152 699732
72.2755 4.34502e+06 392645 762334
73.7383 4.24067e+06 430178 829157
75.1697 4.13198e+06 467494 900523
76.5846 4.01872e+06 504355 976925
77.9981 3.9005e+06 540494 1.059e+06
79.4247 3.77691e+06 575570 1.14752e+06
80.8783 3.64761e+06 609109 1.24328e+06
82.3708 3.51253e+06 640443 1.34703e+06
83.9085 3.3723e+06 668657 1.45904e+06
85.4883 3.22864e+06 692612 1.57875e+06
87.0946 3.08457e+06 711149 1.70428e+06
88.7023 2.94386e+06 723445 1.8327e+06
90.2866 2.80986e+06 729302 1.96084e+06
91.8313 2.68464e+06 729116 2.08625e+06
93.331 2.56888e+06 723619 2.2075e+06
94.7887 2.46231e+06 713621 2.32407e+06
96.2119 2.36416e+06 699857 2.43599e+06
97.6101 2.27353e+06 682940 2.54353e+06
98.9929 2.18957e+06 663368 2.64707e+06
100 2.13193e+06 647625 2.72045e+06
