0 5.26461e+06 661 234727
0.333333 5.26451e+06 733.88 234753
1.82154 5.26394e+06 1157.41 234903
5.51489 5.26107e+06 3279.87 235653
11.3316 5.24556e+06 14730.5 239709
13.8334 5.22386e+06 30734.6 245406
15.4405 5.19785e+06 49883.2 252265
16.5737 5.17001e+06 70340.1 259646
17.4949 5.1392e+06 92937.4 267863
18.257 5.10647e+06 116883 276644
18.9389 5.07032e+06 143268 286410
19.5419 5.03187e+06 171255 296874
20.0787 4.99168e+06 200424 307898
20.5624 4.94997e+06 230599 319432
21.004 4.90681e+06 261717 331469
21.4313 4.85999e+06 295362 344651
21.8184 4.81286e+06 329096 358046
22.193 4.76266e+06 364878 372458
22.5528 4.70994e+06 402302 387762
22.8972 4.65505e+06 441073 403875
23.2271 4.59826e+06 480990 420749
23.5437 4.53971e+06 521926 438366
23.8486 4.47945e+06 563812 456734
24.1433 4.41751e+06 606616 475878
24.4294 4.35382e+06 650338 495841
24.7084 4.28832e+06 694997 516678
24.9817 4.22091e+06 740630 538462
25.2506 4.15144e+06 787284 561275
25.5164 4.07976e+06 835023 585220
25.7803 4.00567e+06 883917 610414
26.0437 3.92895e+06 934054 637000
26.3077 3.84932e+06 985531 665146
26.5737 3.76648e+06 1.03847e+06 695055
26.8433 3.68005e+06 1.09298e+06 726970
27.118 3.58958e+06 1.14923e+06 761185
27.3996 3.49459e+06 1.20735e+06 798054
27.6901 3.39453e+06 1.26748e+06 837991
27.9913 3.28889e+06 1.32966e+06 881452
28.3046 3.17739e+06 1.39375e+06 928867
28.6301 3.06033e+06 1.4592e+06 980468
28.965 2.93917e+06 1.52483e+06 1.036e+06
29.303 2.81675e+06 1.58876e+06 1.09449e+06
29.6357 2.69672e+06 1.64892e+06 1.15436e+06
29.9388 2.5883e+06 1.70092e+06 1.21078e+06
30.2318 2.48468e+06 1.74836e+06 1.26696e+06
30.4972 2.39218e+06 1.78869e+06 1.31913e+06
30.7542 2.30405e+06 1.82521e+06 1.37074e+06
31.0016 2.22075e+06 1.85787e+06 1.42137e+06
31.2396 2.14219e+06 1.88691e+06 1.4709e+06
31.4691 2.068e+06 1.91263e+06 1.51937e+06
31.6914 1.99773e+06 1.93536e+06 1.56691e+06
31.9077 1.93093e+06 1.95539e+06 1.61368e+06
32.1192 1.86718e+06 1.97297e+06 1.65984e+06
32.3269 1.80612e+06 1.98831e+06 1.70557e+06
32.5319 1.74742e+06 2.00158e+06 1.751e+06
32.7348 1.69083e+06 2.01289e+06 1.79627e+06
32.9365 1.63613e+06 2.02237e+06 1.8415e+06
33.1376 1.58311e+06 2.03009e+06 1.8868e+06
33.3388 1.53164e+06 2.0361e+06 1.93225e+06
33.5406 1.48157e+06 2.04046e+06 1.97796e+06
33.7435 1.43279e+06 2.0432e+06 2.024e+06
33.948 1.38521e+06 2.04434e+06 2.07046e+06
34.1547 1.33872e+06 2.04388e+06 2.1174e+06
34.3639 1.29327e+06 2.04183e+06 2.1649e+06
34.5762 1.24879e+06 2.03817e+06 2.21304e+06
34.7922 1.20522e+06 2.0329e+06 2.26188e+06
35.0122 1.16251e+06 2.02599e+06 2.3115e+06
35.2368 1.12062e+06 2.0174e+06 2.36197e+06
35.4666 1.07952e+06 2.00711e+06 2.41337e+06
35.7022 1.03917e+06 1.99506e+06 2.46577e+06
35.9443 999541 1.98122e+06 2.51924e+06
36.1934 960617 1.9655e+06 2.57388e+06
36.4504 922378 1.94787e+06 2.62975e+06
36.7159 884810 1.92824e+06 2.68695e+06
36.991 847907 1.90654e+06 2.74555e+06
37.2764 811666 1.88269e+06 2.80565e+06
37.5731 776090 1.8566e+06 2.86731e+06
37.8823 741191 1.82821e+06 2.9306e+06
38.2049 706987 1.79741e+06 2.99561e+06
38.5423 673506 1.76414e+06 3.06236e+06
38.8954 640785 1.72833e+06 3.13088e+06
39.2655 608872 1.68995e+06 3.20118e+06
39.6537 577827 1.64898e+06 3.2732e+06
40.061 547720 1.60544e+06 3.34684e+06
40.4881 518629 1.55942e+06 3.42195e+06
40.9358 490639 1.51105e+06 3.49831e+06
41.4042 463835 1.46052e+06 3.57564e+06
41.8935 438293 1.4081e+06 3.65361e+06
42.4033 414080 1.35408e+06 3.73184e+06
42.9334 391240 1.29881e+06 3.80995e+06
43.4832 369794 1.24265e+06 3.88755e+06
44.0523 349740 1.18595e+06 3.96431e+06
44.6404 331051 1.12903e+06 4.03992e+06
45.2474 313680 1.07219e+06 4.11413e+06
45.8737 297565 1.0157e+06 4.18673e+06
46.5198 282636 959767 4.2576e+06
47.1866 268817 904572 4.32661e+06
47.8754 256030 850264 4.39371e+06
48.5877 244199 796965 4.45884e+06
49.3255 233253 744778 4.52197e+06
50.0911 223124 693790 4.58309e+06
50.8871 213750 644077 4.64217e+06
51.7165 205073 595708 4.69922e+06
52.5828 197043 548747 4.75421e+06
53.4899 189612 503258 4.80713e+06
54.4424 182738 459301 4.85796e+06
55.4454 176384 416940 4.90668e+06
56.505 170517 376239 4.95324e+06
57.6282 165106 337261 4.99763e+06
58.8232 160126 300076 5.0398e+06
60.0998 155551 264753 5.0797e+06
61.4696 151363 231365 5.11727e+06
62.9468 147541 199987 5.15247e+06
64.5484 144071 170694 5.18523e+06
66.2959 140939 143565 5.2155e+06
68.216 138131 118676 5.24319e+06
70.3428 135639 96104 5.26826e+06
72.7209 133453 75920.4 5.29063e+06
75.4094 131564 58188.5 5.31025e+06
78.4887 129966 42958.1 5.32708e+06
82.0715 128649 30256 5.3411e+06
86.3207 127604 20072.9 5.35232e+06
91.4812 126817 12343.8 5.36084e+06
97.9377 126268 6920.94 5.36681e+06
100 126137 5630.45 5.36823e+06
