0 0 0
0.0769414 0.0769414 0.0768655
0.151063 0.150632 0.150489
0.223475 0.221824 0.22162
0.294839 0.290845 0.290585
0.365554 0.357778 0.357467
0.435869 0.422555 0.422198
0.505933 0.485021 0.484623
0.575841 0.544973 0.54454
0.645652 0.60218 0.601719
0.715402 0.656404 0.655921
0.785115 0.707404 0.706906
0.854803 0.754946 0.754442
0.924477 0.798809 0.798306
0.994141 0.838784 0.838291
1.0638 0.874682 0.874207
1.13345 0.906328 0.905881
1.20311 0.933571 0.933161
1.27276 0.95628 0.955915
1.34241 0.974343 0.974033
1.41206 0.987674 0.987428
1.48171 0.996208 0.996034
1.55136 0.999903 0.999811
1.62101 0.998743 0.99874
1.69065 0.992731 0.992826
1.7603 0.981898 0.982097
1.82995 0.966296 0.966607
1.8996 0.946001 0.94643
1.96925 0.921111 0.921663
2.03889 0.891748 0.892428
2.10854 0.858054 0.858865
2.17819 0.820192 0.821138
2.24784 0.778346 0.779429
2.31749 0.73272 0.733941
2.38713 0.683535 0.684895
2.45678 0.63103 0.632527
2.52643 0.575461 0.577092
2.59608 0.517096 0.51886
2.66572 0.45622 0.458111
2.73537 0.393127 0.395141
2.80502 0.328125 0.330256
2.87467 0.261529 0.263769
2.94431 0.193663 0.196003
3.01396 0.124856 0.127287
3.08361 0.0554417 0.0579535
3.14159 -0.00255602 1.22465e-16
