0 5.26461e+06 661 234727
0.333333 5.26454e+06 708.407 234753
2.11606 5.26406e+06 1019.69 234919
7.11285 5.26159e+06 2629.05 235779
15.8004 5.24774e+06 11648 240607
20.6837 5.22056e+06 29318.8 250121
23.2982 5.18987e+06 49206 260923
25.1574 5.15575e+06 71240.6 273010
26.6544 5.11753e+06 95827.3 286646
27.8808 5.07677e+06 121930 301298
28.9735 5.03156e+06 150747 317690
29.9367 4.98336e+06 181307 335331
30.7931 4.93287e+06 213134 353993
31.5654 4.88036e+06 246033 373608
32.272 4.82587e+06 279942 394184
32.9562 4.76671e+06 316496 416790
33.6112 4.70375e+06 355093 441162
34.235 4.63761e+06 395275 467111
34.8292 4.56876e+06 436717 494527
35.3968 4.49743e+06 479206 523366
35.9415 4.42374e+06 522616 553643
36.4671 4.3477e+06 566881 585423
36.9774 4.26921e+06 611979 618812
37.4758 4.18813e+06 657912 653953
37.9658 4.10427e+06 704701 691024
38.4506 4.01738e+06 752374 730245
38.9331 3.92716e+06 800964 771875
39.4166 3.83328e+06 850499 816223
39.9041 3.73536e+06 900992 863651
40.3987 3.633e+06 952423 914575
40.9034 3.52584e+06 1.00471e+06 969453
41.4208 3.41361e+06 1.05765e+06 1.02874e+06
41.9524 3.29635e+06 1.11084e+06 1.09281e+06
42.4976 3.1747e+06 1.16357e+06 1.16173e+06
43.0524 3.05018e+06 1.21475e+06 1.23508e+06
43.6091 2.92522e+06 1.26302e+06 1.31175e+06
44.1579 2.80272e+06 1.3071e+06 1.39018e+06
44.6904 2.68519e+06 1.3461e+06 1.46871e+06
45.2011 2.5742e+06 1.37969e+06 1.5461e+06
45.6884 2.47033e+06 1.40805e+06 1.62162e+06
46.1533 2.37339e+06 1.43159e+06 1.69502e+06
46.5985 2.28283e+06 1.45082e+06 1.76635e+06
47.0272 2.19792e+06 1.46623e+06 1.83585e+06
47.4426 2.11791e+06 1.47825e+06 1.90384e+06
47.8478 2.04215e+06 1.48721e+06 1.97063e+06
48.2457 1.97005e+06 1.4934e+06 2.03654e+06
48.6386 1.90113e+06 1.49703e+06 2.10185e+06
49.0288 1.83497e+06 1.49824e+06 2.1668e+06
49.4181 1.77125e+06 1.49715e+06 2.2316e+06
49.8083 1.70969e+06 1.49384e+06 2.29647e+06
50.201 1.65007e+06 1.48837e+06 2.36156e+06
50.5977 1.5922e+06 1.48077e+06 2.42702e+06
50.9999 1.53593e+06 1.47106e+06 2.493e+06
51.409 1.48114e+06 1.45924e+06 2.55962e+06
51.8263 1.42772e+06 1.44529e+06 2.62698e+06
52.2533 1.3756e+06 1.42921e+06 2.69519e+06
52.6913 1.32471e+06 1.41096e+06 2.76432e+06
53.1418 1.27501e+06 1.39053e+06 2.83446e+06
53.6062 1.22647e+06 1.36788e+06 2.90564e+06
54.086 1.17908e+06 1.343e+06 2.97792e+06
54.5826 1.13284e+06 1.31586e+06 3.0513e+06
55.0976 1.08777e+06 1.28646e+06 3.12577e+06
55.6323 1.0439e+06 1.25481e+06 3.20129e+06
56.1882 1.00128e+06 1.22097e+06 3.27775e+06
56.7664 959966 1.18498e+06 3.35505e+06
57.3681 920027 1.14696e+06 3.43301e+06
57.9942 881535 1.10704e+06 3.51142e+06
58.6455 844563 1.06541e+06 3.59003e+06
59.3226 809180 1.02227e+06 3.66855e+06
60.0259 775441 977861 3.7467e+06
60.7559 743388 932457 3.82416e+06
61.5129 713042 886329 3.90063e+06
62.2976 684405 839752 3.97584e+06
63.1105 657459 792991 4.04955e+06
63.9529 632165 746296 4.12154e+06
64.8259 608473 699895 4.19163e+06
65.7314 586320 653995 4.25969e+06
66.6718 565637 608776 4.32559e+06
67.6496 546350 564402 4.38925e+06
68.6685 528385 521013 4.4506e+06
69.7322 511668 478738 4.50959e+06
70.8457 496131 437691 4.56618e+06
72.0143 481707 397974 4.62032e+06
73.2445 468334 359686 4.67198e+06
74.5441 455957 322917 4.72113e+06
75.922 444525 287754 4.76772e+06
77.3889 433992 254283 4.81173e+06
78.9576 424317 222585 4.8531e+06
80.6435 415463 192744 4.89179e+06
82.4656 407399 164841 4.92776e+06
84.4472 400097 138956 4.96095e+06
86.6176 393534 115168 4.9913e+06
89.0142 387689 93552.7 5.01876e+06
91.6852 382543 74181.5 5.04328e+06
94.695 378082 57117.3 5.0648e+06
98.1305 374290 42410.1 5.0833e+06
100 372644 35974.7 5.09138e+06
