-4.975 0.00690852 0.00690852
-4.95 0.00708341 0.00708341
-4.925 0.00726273 0.00726273
-4.9 0.00744658 0.00744658
-4.875 0.00763509 0.00763509
-4.85 0.00782838 0.00782838
-4.825 0.00802655 0.00802655
-4.8 0.00822975 0.00822975
-4.775 0.00843808 0.00843808
-4.75 0.0086517 0.0086517
-4.725 0.00887071 0.00887071
-4.7 0.00909528 0.00909528
-4.675 0.00932553 0.00932553
-4.65 0.0095616 0.0095616
-4.625 0.00980366 0.00980366
-4.6 0.0100518 0.0100518
-4.575 0.0103063 0.0103063
-4.55 0.0105672 0.0105672
-4.525 0.0108347 0.0108347
-4.5 0.011109 0.011109
-4.475 0.0113902 0.0113902
-4.45 0.0116786 0.0116786
-4.425 0.0119742 0.0119742
-4.4 0.0122773 0.0122773
-4.375 0.0125881 0.0125881
-4.35 0.0129068 0.0129068
-4.325 0.0132336 0.0132336
-4.3 0.0135686 0.0135686
-4.275 0.013912 0.013912
-4.25 0.0142642 0.0142642
-4.225 0.0146253 0.0146253
-4.2 0.0149956 0.0149956
-4.175 0.0153752 0.0153752
-4.15 0.0157644 0.0157644
-4.125 0.0161635 0.0161635
-4.1 0.0165727 0.0165727
-4.075 0.0169922 0.0169922
-4.05 0.0174224 0.0174224
-4.025 0.0178634 0.0178634
-4 0.0183156 0.0183156
-3.975 0.0187793 0.0187793
-3.95 0.0192547 0.0192547
-3.925 0.0197421 0.0197421
-3.9 0.0202419 0.0202419
-3.875 0.0207543 0.0207543
-3.85 0.0212797 0.0212797
-3.825 0.0218184 0.0218184
-3.8 0.0223708 0.0223708
-3.775 0.0229371 0.0229371
-3.75 0.0235177 0.0235177
-3.725 0.0241131 0.0241131
-3.7 0.0247235 0.0247235
-3.675 0.0253494 0.0253494
-3.65 0.0259911 0.0259911
-3.625 0.0266491 0.0266491
-3.6 0.0273237 0.0273237
-3.575 0.0280154 0.0280154
-3.55 0.0287246 0.0287246
-3.525 0.0294518 0.0294518
-3.5 0.0301974 0.0301974
-3.475 0.0309618 0.0309618
-3.45 0.0317456 0.0317456
-3.425 0.0325493 0.0325493
-3.4 0.0333733 0.0333733
-3.375 0.0342181 0.0342181
-3.35 0.0350844 0.0350844
-3.325 0.0359725 0.0359725
-3.3 0.0368832 0.0368832
-3.275 0.0378169 0.0378169
-3.25 0.0387742 0.0387742
-3.225 0.0397558 0.0397558
-3.2 0.0407622 0.0407622
-3.175 0.0417941 0.0417941
-3.15 0.0428521 0.0428521
-3.125 0.0439369 0.0439369
-3.1 0.0450492 0.0450492
-3.075 0.0461896 0.0461896
-3.05 0.0473589 0.0473589
-3.025 0.0485578 0.0485578
-3 0.0497871 0.0497871
-2.975 0.0510474 0.0510474
-2.95 0.0523397 0.0523397
-2.925 0.0536647 0.0536647
-2.9 0.0550232 0.0550232
-2.875 0.0564161 0.0564161
-2.85 0.0578443 0.0578443
-2.825 0.0593087 0.0593087
-2.8 0.0608101 0.0608101
-2.775 0.0623495 0.0623495
-2.75 0.0639279 0.0639279
-2.725 0.0655462 0.0655462
-2.7 0.0672055 0.0672055
-2.675 0.0689068 0.0689068
-2.65 0.0706512 0.0706512
-2.625 0.0724398 0.0724398
-2.6 0.0742736 0.0742736
-2.575 0.0761538 0.0761538
-2.55 0.0780817 0.0780817
-2.525 0.0800583 0.0800583
-2.5 0.082085 0.082085
-2.475 0.084163 0.084163
-2.45 0.0862936 0.0862936
-2.425 0.0884781 0.0884781
-2.4 0.090718 0.090718
-2.375 0.0930145 0.0930145
-2.35 0.0953692 0.0953692
-2.325 0.0977834 0.0977834
-2.3 0.100259 0.100259
-2.275 0.102797 0.102797
-2.25 0.105399 0.105399
-2.225 0.108067 0.108067
-2.2 0.110803 0.110803
-2.175 0.113608 0.113608
-2.15 0.116484 0.116484
-2.125 0.119433 0.119433
-2.1 0.122456 0.122456
-2.075 0.125556 0.125556
-2.05 0.128735 0.128735
-2.025 0.131994 0.131994
-2 0.135335 0.135335
-1.975 0.138761 0.138761
-1.95 0.142274 0.142274
-1.925 0.145876 0.145876
-1.9 0.149569 0.149569
-1.875 0.153355 0.153355
-1.85 0.157237 0.157237
-1.825 0.161218 0.161218
-1.8 0.165299 0.165299
-1.775 0.169483 0.169483
-1.75 0.173774 0.173774
-1.725 0.178173 0.178173
-1.7 0.182684 0.182684
-1.675 0.187308 0.187308
-1.65 0.19205 0.19205
-1.625 0.196912 0.196912
-1.6 0.201897 0.201897
-1.575 0.207008 0.207008
-1.55 0.212248 0.212248
-1.525 0.217621 0.217621
-1.5 0.22313 0.22313
-1.475 0.228779 0.228779
-1.45 0.23457 0.23457
-1.425 0.240508 0.240508
-1.4 0.246597 0.246597
-1.375 0.25284 0.25284
-1.35 0.25924 0.25924
-1.325 0.265803 0.265803
-1.3 0.272532 0.272532
-1.275 0.279431 0.279431
-1.25 0.286505 0.286505
-1.225 0.293758 0.293758
-1.2 0.301194 0.301194
-1.175 0.308819 0.308819
-1.15 0.316637 0.316637
-1.125 0.324652 0.324652
-1.1 0.332871 0.332871
-1.075 0.341298 0.341298
-1.05 0.349938 0.349938
-1.025 0.358796 0.358796
-1 0.367879 0.367879
-0.975 0.377192 0.377192
-0.95 0.386741 0.386741
-0.925 0.396531 0.396531
-0.9 0.40657 0.40657
-0.875 0.416862 0.416862
-0.85 0.427415 0.427415
-0.825 0.438235 0.438235
-0.8 0.449329 0.449329
-0.775 0.460704 0.460704
-0.75 0.472367 0.472367
-0.725 0.484325 0.484325
-0.7 0.496585 0.496585
-0.675 0.509156 0.509156
-0.65 0.522046 0.522046
-0.625 0.535261 0.535261
-0.6 0.548812 0.548812
-0.575 0.562705 0.562705
-0.55 0.57695 0.57695
-0.525 0.591555 0.591555
-0.5 0.606531 0.606531
-0.475 0.621885 0.621885
-0.45 0.637628 0.637628
-0.425 0.65377 0.65377
-0.4 0.67032 0.67032
-0.375 0.687289 0.687289
-0.35 0.704688 0.704688
-0.325 0.722527 0.722527
-0.3 0.740818 0.740818
-0.275 0.759572 0.759572
-0.25 0.778801 0.778801
-0.225 0.798516 0.798516
-0.2 0.818731 0.818731
-0.175 0.839457 0.839457
-0.15 0.860708 0.860708
-0.125 0.882497 0.882497
-0.1 0.904837 0.904837
-0.075 0.927743 0.927743
-0.05 0.951229 0.951229
-0.025 0.97531 0.97531
0 1 1
0.025 1.02532 1.02532
0.05 1.05127 1.05127
0.075 1.07788 1.07788
0.1 1.10517 1.10517
0.125 1.13315 1.13315
0.15 1.16183 1.16183
0.175 1.19125 1.19125
0.2 1.2214 1.2214
0.225 1.25232 1.25232
0.25 1.28403 1.28403
0.275 1.31653 1.31653
0.3 1.34986 1.34986
0.325 1.38403 1.38403
0.35 1.41907 1.41907
0.375 1.45499 1.45499
0.4 1.49182 1.49182
0.425 1.52959 1.52959
0.45 1.56831 1.56831
0.475 1.60801 1.60801
0.5 1.64872 1.64872
0.525 1.69046 1.69046
0.55 1.73325 1.73325
0.575 1.77713 1.77713
0.6 1.82212 1.82212
0.625 1.86825 1.86825
0.65 1.91554 1.91554
0.675 1.96403 1.96403
0.7 2.01375 2.01375
0.725 2.06473 2.06473
0.75 2.117 2.117
0.775 2.17059 2.17059
0.8 2.22554 2.22554
0.825 2.28188 2.28188
0.85 2.33965 2.33965
0.875 2.39888 2.39888
0.9 2.4596 2.4596
0.925 2.52187 2.52187
0.95 2.58571 2.58571
0.975 2.65117 2.65117
1 2.71828 2.71828
1.025 2.7871 2.7871
1.05 2.85765 2.85765
1.075 2.92999 2.92999
1.1 3.00417 3.00417
1.125 3.08022 3.08022
1.15 3.15819 3.15819
1.175 3.23814 3.23814
1.2 3.32012 3.32012
1.225 3.40417 3.40417
1.25 3.49034 3.49034
1.275 3.5787 3.5787
1.3 3.6693 3.6693
1.325 3.76219 3.76219
1.35 3.85743 3.85743
1.375 3.95508 3.95508
1.4 4.0552 4.0552
1.425 4.15786 4.15786
1.45 4.26311 4.26311
1.475 4.37104 4.37104
1.5 4.48169 4.48169
1.525 4.59514 4.59514
1.55 4.71147 4.71147
1.575 4.83074 4.83074
1.6 4.95303 4.95303
1.625 5.07842 5.07842
1.65 5.20698 5.20698
1.675 5.3388 5.3388
1.7 5.47395 5.47395
1.725 5.61252 5.61252
1.75 5.7546 5.7546
1.775 5.90028 5.90028
1.8 6.04965 6.04965
1.825 6.2028 6.2028
1.85 6.35982 6.35982
1.875 6.52082 6.52082
1.9 6.68589 6.68589
1.925 6.85515 6.85515
1.95 7.02869 7.02869
1.975 7.20662 7.20662
2 7.38906 7.38906
2.025 7.57611 7.57611
2.05 7.7679 7.7679
2.075 7.96455 7.96455
2.1 8.16617 8.16617
2.125 8.3729 8.3729
2.15 8.58486 8.58486
2.175 8.80219 8.80219
2.2 9.02501 9.02501
2.225 9.25348 9.25348
2.25 9.48774 9.48774
2.275 9.72792 9.72792
2.3 9.97418 9.97418
2.325 10.2267 10.2267
2.35 10.4856 10.4856
2.375 10.751 10.751
2.4 11.0232 11.0232
2.425 11.3022 11.3022
2.45 11.5883 11.5883
2.475 11.8817 11.8817
2.5 12.1825 12.1825
2.525 12.4909 12.4909
2.55 12.8071 12.8071
2.575 13.1313 13.1313
2.6 13.4637 13.4637
2.625 13.8046 13.8046
2.65 14.154 14.154
2.675 14.5123 14.5123
2.7 14.8797 14.8797
2.725 15.2564 15.2564
2.75 15.6426 15.6426
2.775 16.0386 16.0386
2.8 16.4446 16.4446
2.825 16.8609 16.8609
2.85 17.2878 17.2878
2.875 17.7254 17.7254
2.9 18.1741 18.1741
2.925 18.6342 18.6342
2.95 19.106 19.106
2.975 19.5896 19.5896
3 20.0855 20.0855
3.025 20.594 20.594
3.05 21.1153 21.1153
3.075 21.6499 21.6499
3.1 22.198 22.198
3.125 22.7599 22.7599
3.15 23.3361 23.3361
3.175 23.9268 23.9268
3.2 24.5325 24.5325
3.225 25.1536 25.1536
3.25 25.7903 25.7903
3.275 26.4432 26.4432
3.3 27.1126 27.1126
3.325 27.799 27.799
3.35 28.5027 28.5027
3.375 29.2243 29.2243
3.4 29.9641 29.9641
3.425 30.7226 30.7226
3.45 31.5004 31.5004
3.475 32.2978 32.2978
3.5 33.1155 33.1155
3.525 33.9538 33.9538
3.55 34.8133 34.8133
3.575 35.6946 35.6946
3.6 36.5982 36.5982
3.625 37.5247 37.5247
3.65 38.4747 38.4747
3.675 39.4487 39.4487
3.7 40.4473 40.4473
3.725 41.4712 41.4712
3.75 42.5211 42.5211
3.775 43.5975 43.5975
3.8 44.7012 44.7012
3.825 45.8328 45.8328
3.85 46.9931 46.9931
3.875 48.1827 48.1827
3.9 49.4024 49.4024
3.925 50.6531 50.6531
3.95 51.9354 51.9354
3.975 53.2501 53.2501
4 54.5982 54.5982
4.025 55.9803 55.9803
4.05 57.3975 57.3975
4.075 58.8505 58.8505
4.1 60.3403 60.3403
4.125 61.8678 61.8678
4.15 63.434 63.434
4.175 65.0398 65.0398
4.2 66.6863 66.6863
4.225 68.3745 68.3745
4.25 70.1054 70.1054
4.275 71.8801 71.8801
4.3 73.6998 73.6998
4.325 75.5655 75.5655
4.35 77.4785 77.4785
4.375 79.4398 79.4398
4.4 81.4509 81.4509
4.425 83.5128 83.5128
4.45 85.6269 85.6269
4.475 87.7946 87.7946
4.5 90.0171 90.0171
4.525 92.2959 92.2959
4.55 94.6324 94.6324
4.575 97.028 97.028
4.6 99.4843 99.4843
4.625 102.003 102.003
4.65 104.585 104.585
4.675 107.233 107.233
4.7 109.947 109.947
4.725 112.73 112.73
4.75 115.584 115.584
4.775 118.51 118.51
4.8 121.51 121.51
4.825 124.586 124.586
4.85 127.74 127.74
4.875 130.974 130.974
4.9 134.29 134.29
4.925 137.689 137.689
4.95 141.175 141.175
4.975 144.749 144.749
